2019-10-14 13:05:45,574 gpu device = 0
2019-10-14 13:05:45,574 args = Namespace(arch_learning_rate=0.0003, arch_weight_decay=0.001, batch_size=64, cutout=False, cutout_length=16, data='../data', dataset='cifar-10', drop_path_prob=0.3, epochs=50, gpu=0, grad_clip=5, init_channels=16, layers=8, learning_rate=0.025, learning_rate_min=0.001, model_path='saved_models', momentum=0.9, report_freq=50, save='search-CIFAR-10-20191014-130544', seed=2, train_portion=0.5, unrolled=True, weight_decay=0.0003)
2019-10-14 13:05:50,593 param size = 1.930618MB
2019-10-14 13:05:50,606 epoch 0 lr 2.500000e-02
2019-10-14 13:05:50,607 genotype = Genotype(normal=[('max_pool_3x3', 0), ('dil_conv_3x3', 1), ('max_pool_3x3', 1), ('dil_conv_3x3', 2), ('avg_pool_3x3', 0), ('sep_conv_3x3', 3), ('dil_conv_3x3', 4), ('avg_pool_3x3', 2)], normal_concat=range(2, 6), reduce=[('avg_pool_3x3', 1), ('avg_pool_3x3', 0), ('sep_conv_5x5', 2), ('dil_conv_3x3', 1), ('skip_connect', 3), ('dil_conv_5x5', 0), ('sep_conv_3x3', 1), ('avg_pool_3x3', 4)], reduce_concat=range(2, 6))
2019-10-14 13:05:50,610 
alphas_normal = Variable containing:
 0.1249  0.1252  0.1250  0.1249  0.1250  0.1250  0.1250  0.1251
 0.1249  0.1251  0.1250  0.1247  0.1251  0.1250  0.1251  0.1250
 0.1250  0.1250  0.1250  0.1250  0.1249  0.1251  0.1248  0.1251
 0.1250  0.1252  0.1249  0.1250  0.1249  0.1248  0.1251  0.1250
 0.1251  0.1249  0.1249  0.1251  0.1251  0.1248  0.1251  0.1249
 0.1250  0.1248  0.1253  0.1249  0.1250  0.1250  0.1251  0.1250
 0.1248  0.1249  0.1250  0.1250  0.1252  0.1249  0.1251  0.1251
 0.1251  0.1252  0.1250  0.1249  0.1250  0.1249  0.1250  0.1249
 0.1249  0.1252  0.1252  0.1248  0.1252  0.1249  0.1247  0.1251
 0.1251  0.1251  0.1250  0.1248  0.1251  0.1250  0.1250  0.1250
 0.1249  0.1249  0.1250  0.1249  0.1251  0.1250  0.1250  0.1251
 0.1251  0.1249  0.1252  0.1247  0.1250  0.1251  0.1250  0.1251
 0.1251  0.1249  0.1251  0.1249  0.1250  0.1252  0.1250  0.1249
 0.1251  0.1250  0.1250  0.1251  0.1249  0.1249  0.1252  0.1248
[torch.cuda.FloatTensor of size 14x8 (GPU 0)]

2019-10-14 13:05:50,611 
alphas_reduce = Variable containing:
 0.1251  0.1251  0.1251  0.1250  0.1248  0.1250  0.1250  0.1249
 0.1249  0.1250  0.1252  0.1248  0.1252  0.1248  0.1252  0.1250
 0.1249  0.1251  0.1251  0.1249  0.1249  0.1251  0.1250  0.1250
 0.1249  0.1249  0.1249  0.1251  0.1250  0.1250  0.1252  0.1251
 0.1249  0.1252  0.1251  0.1249  0.1249  0.1252  0.1248  0.1250
 0.1251  0.1249  0.1249  0.1250  0.1250  0.1249  0.1249  0.1253
 0.1251  0.1251  0.1250  0.1250  0.1248  0.1250  0.1250  0.1250
 0.1250  0.1251  0.1251  0.1248  0.1250  0.1250  0.1252  0.1249
 0.1248  0.1250  0.1249  0.1253  0.1251  0.1250  0.1250  0.1249
 0.1249  0.1251  0.1250  0.1250  0.1248  0.1250  0.1250  0.1251
 0.1251  0.1250  0.1252  0.1247  0.1253  0.1248  0.1250  0.1249
 0.1251  0.1251  0.1250  0.1250  0.1249  0.1248  0.1250  0.1250
 0.1249  0.1248  0.1252  0.1249  0.1250  0.1250  0.1251  0.1251
 0.1251  0.1249  0.1252  0.1250  0.1250  0.1249  0.1252  0.1248
[torch.cuda.FloatTensor of size 14x8 (GPU 0)]

2019-10-14 13:06:08,745 train 000 2.344459e+00 12.500000 56.250000
2019-10-14 13:08:46,392 train 050 2.004953e+00 26.317402 79.656863
2019-10-14 13:11:33,360 train 100 1.888931e+00 30.043317 83.029084
2019-10-14 13:14:23,210 train 150 1.802932e+00 33.360927 85.223510
2019-10-14 13:17:13,695 train 200 1.737205e+00 35.774254 86.815920
2019-10-14 13:20:03,825 train 250 1.676968e+00 38.016683 87.867281
2019-10-14 13:22:53,712 train 300 1.623011e+00 40.038414 88.880814
2019-10-14 13:25:45,013 train 350 1.580286e+00 41.671118 89.512108
2019-10-14 13:28:07,916 train_acc (R^2 for regression) 43.016000
2019-10-14 13:28:08,250 train 000 1.449304e+00 53.125000 89.062500
2019-10-14 13:28:16,954 train 050 1.397541e+00 51.623775 93.382353
2019-10-14 13:28:25,397 train 100 1.389481e+00 52.073020 93.409653
2019-10-14 13:28:33,850 train 150 1.384154e+00 51.883278 93.543046
2019-10-14 13:28:42,302 train 200 1.388531e+00 51.850124 93.407960
2019-10-14 13:28:50,686 train 250 1.389447e+00 51.718127 93.264442
2019-10-14 13:28:59,085 train 300 1.387781e+00 51.692276 93.272425
2019-10-14 13:29:07,515 train 350 1.384685e+00 51.789530 93.206909
2019-10-14 13:29:14,224 valid_acc (R^2 for regression) 51.808000
2019-10-14 13:29:14,390 epoch 1 lr 2.497632e-02
2019-10-14 13:29:14,390 genotype = Genotype(normal=[('max_pool_3x3', 0), ('max_pool_3x3', 1), ('max_pool_3x3', 0), ('max_pool_3x3', 1), ('sep_conv_3x3', 1), ('max_pool_3x3', 0), ('max_pool_3x3', 0), ('dil_conv_3x3', 3)], normal_concat=range(2, 6), reduce=[('max_pool_3x3', 0), ('sep_conv_3x3', 1), ('max_pool_3x3', 0), ('dil_conv_5x5', 1), ('max_pool_3x3', 0), ('dil_conv_5x5', 3), ('max_pool_3x3', 0), ('dil_conv_5x5', 3)], reduce_concat=range(2, 6))
2019-10-14 13:29:14,392 
alphas_normal = Variable containing:
 0.1234  0.1296  0.1217  0.1253  0.1262  0.1238  0.1262  0.1238
 0.1278  0.1280  0.1212  0.1255  0.1249  0.1235  0.1257  0.1235
 0.1265  0.1287  0.1222  0.1253  0.1243  0.1239  0.1248  0.1243
 0.1266  0.1271  0.1215  0.1249  0.1247  0.1252  0.1254  0.1247
 0.1285  0.1239  0.1212  0.1246  0.1253  0.1253  0.1270  0.1242
 0.1255  0.1281  0.1220  0.1240  0.1259  0.1247  0.1255  0.1242
 0.1248  0.1258  0.1209  0.1229  0.1306  0.1252  0.1266  0.1233
 0.1285  0.1246  0.1215  0.1245  0.1259  0.1236  0.1249  0.1266
 0.1286  0.1231  0.1208  0.1225  0.1268  0.1263  0.1271  0.1249
 0.1268  0.1283  0.1223  0.1246  0.1255  0.1248  0.1238  0.1239
 0.1272  0.1258  0.1213  0.1229  0.1264  0.1257  0.1245  0.1264
 0.1286  0.1235  0.1215  0.1238  0.1255  0.1252  0.1262  0.1257
 0.1293  0.1224  0.1204  0.1219  0.1263  0.1267  0.1274  0.1256
 0.1291  0.1223  0.1205  0.1219  0.1274  0.1257  0.1272  0.1259
[torch.cuda.FloatTensor of size 14x8 (GPU 0)]

2019-10-14 13:29:14,393 
alphas_reduce = Variable containing:
 0.1229  0.1284  0.1272  0.1263  0.1239  0.1241  0.1232  0.1241
 0.1273  0.1247  0.1241  0.1247  0.1256  0.1251  0.1248  0.1237
 0.1223  0.1288  0.1268  0.1247  0.1242  0.1246  0.1231  0.1253
 0.1268  0.1255  0.1245  0.1253  0.1228  0.1241  0.1244  0.1266
 0.1262  0.1251  0.1227  0.1264  0.1236  0.1252  0.1246  0.1261
 0.1214  0.1287  0.1268  0.1237  0.1252  0.1239  0.1256  0.1247
 0.1265  0.1242  0.1228  0.1255  0.1262  0.1246  0.1265  0.1239
 0.1258  0.1258  0.1232  0.1258  0.1239  0.1252  0.1230  0.1273
 0.1251  0.1245  0.1223  0.1250  0.1239  0.1259  0.1252  0.1280
 0.1225  0.1286  0.1266  0.1250  0.1236  0.1260  0.1240  0.1237
 0.1262  0.1253  0.1246  0.1251  0.1249  0.1238  0.1251  0.1251
 0.1267  0.1254  0.1231  0.1257  0.1242  0.1238  0.1250  0.1260
 0.1254  0.1251  0.1237  0.1253  0.1239  0.1240  0.1260  0.1265
 0.1263  0.1254  0.1238  0.1255  0.1247  0.1241  0.1254  0.1248
[torch.cuda.FloatTensor of size 14x8 (GPU 0)]

2019-10-14 13:29:17,541 train 000 1.054089e+00 56.250000 98.437500
2019-10-14 13:31:52,707 train 050 1.243669e+00 54.350490 94.699755
2019-10-14 13:34:27,898 train 100 1.198794e+00 56.296411 95.235149
2019-10-14 13:37:03,613 train 150 1.176758e+00 57.233030 95.312500
2019-10-14 13:39:39,011 train 200 1.164532e+00 57.758085 95.506841
2019-10-14 13:42:14,598 train 250 1.140839e+00 58.646663 95.742032
2019-10-14 13:44:48,248 train 300 1.125741e+00 59.312708 95.862749
2019-10-14 13:47:23,198 train 350 1.113509e+00 59.775641 95.882301
2019-10-14 13:49:27,468 train_acc (R^2 for regression) 60.320000
2019-10-14 13:49:27,780 train 000 9.822447e-01 67.187500 95.312500
2019-10-14 13:49:36,197 train 050 1.081077e+00 62.071078 96.629902
2019-10-14 13:49:44,608 train 100 1.051648e+00 63.397277 96.612005
2019-10-14 13:49:53,038 train 150 1.051626e+00 63.441639 96.699089
2019-10-14 13:50:01,459 train 200 1.053280e+00 63.215174 96.766169
2019-10-14 13:50:09,815 train 250 1.053124e+00 63.452440 96.818974
2019-10-14 13:50:18,184 train 300 1.055214e+00 63.216362 96.760797
2019-10-14 13:50:26,593 train 350 1.053834e+00 63.287927 96.732550
2019-10-14 13:50:33,323 valid_acc (R^2 for regression) 63.308000
2019-10-14 13:50:33,452 epoch 2 lr 2.490538e-02
2019-10-14 13:50:33,453 genotype = Genotype(normal=[('max_pool_3x3', 0), ('max_pool_3x3', 1), ('max_pool_3x3', 0), ('dil_conv_3x3', 2), ('sep_conv_3x3', 1), ('max_pool_3x3', 0), ('max_pool_3x3', 0), ('dil_conv_3x3', 3)], normal_concat=range(2, 6), reduce=[('max_pool_3x3', 0), ('skip_connect', 1), ('max_pool_3x3', 0), ('dil_conv_5x5', 2), ('max_pool_3x3', 0), ('dil_conv_5x5', 2), ('max_pool_3x3', 0), ('dil_conv_5x5', 3)], reduce_concat=range(2, 6))
2019-10-14 13:50:33,455 
alphas_normal = Variable containing:
 0.1217  0.1340  0.1190  0.1260  0.1299  0.1219  0.1249  0.1227
 0.1309  0.1288  0.1171  0.1256  0.1239  0.1226  0.1267  0.1244
 0.1270  0.1333  0.1196  0.1259  0.1248  0.1228  0.1232  0.1234
 0.1285  0.1284  0.1178  0.1247  0.1249  0.1259  0.1254  0.1244
 0.1313  0.1241  0.1174  0.1241  0.1246  0.1246  0.1292  0.1246
 0.1262  0.1324  0.1196  0.1245  0.1247  0.1252  0.1248  0.1225
 0.1241  0.1252  0.1159  0.1199  0.1410  0.1260  0.1247  0.1233
 0.1316  0.1242  0.1173  0.1236  0.1254  0.1234  0.1256  0.1290
 0.1325  0.1215  0.1167  0.1210  0.1281  0.1270  0.1270  0.1264
 0.1268  0.1332  0.1210  0.1260  0.1250  0.1254  0.1218  0.1208
 0.1287  0.1279  0.1189  0.1229  0.1266  0.1256  0.1235  0.1258
 0.1314  0.1247  0.1191  0.1247  0.1245  0.1253  0.1255  0.1249
 0.1313  0.1222  0.1176  0.1207  0.1264  0.1263  0.1283  0.1272
 0.1316  0.1222  0.1181  0.1209  0.1268  0.1256  0.1282  0.1266
[torch.cuda.FloatTensor of size 14x8 (GPU 0)]

2019-10-14 13:50:33,456 
alphas_reduce = Variable containing:
 0.1212  0.1334  0.1273  0.1262  0.1262  0.1210  0.1215  0.1231
 0.1292  0.1258  0.1231  0.1265  0.1255  0.1230  0.1242  0.1227
 0.1196  0.1339  0.1271  0.1230  0.1256  0.1245  0.1220  0.1242
 0.1275  0.1273  0.1236  0.1268  0.1201  0.1251  0.1250  0.1246
 0.1276  0.1263  0.1188  0.1262  0.1214  0.1249  0.1243  0.1305
 0.1188  0.1338  0.1272  0.1217  0.1285  0.1215  0.1233  0.1252
 0.1281  0.1245  0.1202  0.1262  0.1279  0.1231  0.1271  0.1229
 0.1268  0.1271  0.1195  0.1254  0.1228  0.1235  0.1239  0.1309
 0.1264  0.1257  0.1196  0.1253  0.1251  0.1237  0.1243  0.1299
 0.1211  0.1326  0.1255  0.1253  0.1240  0.1266  0.1218  0.1230
 0.1265  0.1272  0.1241  0.1263  0.1251  0.1224  0.1241  0.1243
 0.1281  0.1270  0.1196  0.1254  0.1247  0.1230  0.1256  0.1265
 0.1269  0.1256  0.1204  0.1249  0.1243  0.1219  0.1262  0.1300
 0.1267  0.1247  0.1193  0.1240  0.1258  0.1263  0.1269  0.1263
[torch.cuda.FloatTensor of size 14x8 (GPU 0)]

2019-10-14 13:50:36,661 train 000 9.046552e-01 65.625000 98.437500
2019-10-14 13:53:11,151 train 050 9.482265e-01 66.237745 96.905637
2019-10-14 13:55:46,272 train 100 9.443211e-01 66.537748 97.277228
2019-10-14 13:58:21,388 train 150 9.292754e-01 67.146109 97.268212
2019-10-14 14:00:56,466 train 200 9.288432e-01 67.257463 97.224813
2019-10-14 14:03:30,685 train 250 9.229033e-01 67.324452 97.341882
2019-10-14 14:06:05,949 train 300 9.126571e-01 67.706603 97.399294
2019-10-14 14:08:40,234 train 350 9.032765e-01 67.962073 97.489316
2019-10-14 14:10:44,311 train_acc (R^2 for regression) 68.208000
2019-10-14 14:10:44,635 train 000 8.911801e-01 76.562500 96.875000
2019-10-14 14:10:53,043 train 050 9.098604e-01 68.780637 96.936275
2019-10-14 14:11:01,421 train 100 8.862397e-01 69.554455 97.524752
2019-10-14 14:11:09,833 train 150 8.883642e-01 69.370861 97.537252
2019-10-14 14:11:18,245 train 200 8.834660e-01 69.550684 97.504664
2019-10-14 14:11:26,697 train 250 8.798674e-01 69.571713 97.497510
2019-10-14 14:11:35,081 train 300 8.793481e-01 69.648048 97.456395
2019-10-14 14:11:43,492 train 350 8.746964e-01 69.649217 97.520477
2019-10-14 14:11:50,254 valid_acc (R^2 for regression) 69.684000
2019-10-14 14:11:50,380 epoch 3 lr 2.478745e-02
2019-10-14 14:11:50,381 genotype = Genotype(normal=[('max_pool_3x3', 0), ('max_pool_3x3', 1), ('max_pool_3x3', 0), ('dil_conv_3x3', 2), ('sep_conv_3x3', 1), ('max_pool_3x3', 0), ('max_pool_3x3', 0), ('max_pool_3x3', 1)], normal_concat=range(2, 6), reduce=[('max_pool_3x3', 0), ('skip_connect', 1), ('max_pool_3x3', 0), ('dil_conv_5x5', 2), ('max_pool_3x3', 0), ('dil_conv_5x5', 3), ('max_pool_3x3', 0), ('dil_conv_5x5', 3)], reduce_concat=range(2, 6))
2019-10-14 14:11:50,383 
alphas_normal = Variable containing:
 0.1193  0.1381  0.1166  0.1262  0.1334  0.1208  0.1240  0.1216
 0.1338  0.1292  0.1131  0.1250  0.1266  0.1208  0.1263  0.1251
 0.1245  0.1374  0.1175  0.1264  0.1268  0.1240  0.1206  0.1229
 0.1313  0.1295  0.1141  0.1240  0.1252  0.1252  0.1263  0.1244
 0.1322  0.1247  0.1150  0.1253  0.1246  0.1237  0.1307  0.1238
 0.1258  0.1358  0.1180  0.1255  0.1249  0.1250  0.1239  0.1212
 0.1239  0.1258  0.1127  0.1189  0.1482  0.1263  0.1221  0.1222
 0.1345  0.1230  0.1136  0.1235  0.1254  0.1242  0.1255  0.1302
 0.1368  0.1204  0.1142  0.1213  0.1298  0.1256  0.1260  0.1259
 0.1259  0.1382  0.1200  0.1267  0.1249  0.1245  0.1207  0.1191
 0.1314  0.1298  0.1166  0.1227  0.1263  0.1241  0.1231  0.1260
 0.1342  0.1250  0.1164  0.1250  0.1231  0.1253  0.1270  0.1240
 0.1343  0.1224  0.1159  0.1211  0.1256  0.1243  0.1291  0.1273
 0.1350  0.1219  0.1159  0.1204  0.1256  0.1252  0.1286  0.1274
[torch.cuda.FloatTensor of size 14x8 (GPU 0)]

2019-10-14 14:11:50,384 
alphas_reduce = Variable containing:
 0.1202  0.1370  0.1286  0.1258  0.1260  0.1197  0.1208  0.1220
 0.1302  0.1256  0.1218  0.1262  0.1252  0.1234  0.1249  0.1227
 0.1173  0.1369  0.1282  0.1220  0.1272  0.1246  0.1207  0.1232
 0.1271  0.1280  0.1228  0.1275  0.1195  0.1268  0.1247  0.1237
 0.1279  0.1284  0.1164  0.1263  0.1222  0.1254  0.1235  0.1301
 0.1174  0.1362  0.1271  0.1221  0.1284  0.1202  0.1233  0.1254
 0.1291  0.1228  0.1171  0.1289  0.1296  0.1238  0.1278  0.1210
 0.1282  0.1281  0.1161  0.1247  0.1231  0.1228  0.1253  0.1317
 0.1283  0.1258  0.1157  0.1236  0.1255  0.1230  0.1245  0.1336
 0.1196  0.1347  0.1255  0.1249  0.1233  0.1278  0.1221  0.1221
 0.1267  0.1272  0.1230  0.1271  0.1255  0.1216  0.1241  0.1248
 0.1301  0.1288  0.1169  0.1253  0.1245  0.1239  0.1251  0.1254
 0.1292  0.1272  0.1182  0.1253  0.1242  0.1215  0.1248  0.1296
 0.1278  0.1247  0.1162  0.1228  0.1258  0.1281  0.1261  0.1285
[torch.cuda.FloatTensor of size 14x8 (GPU 0)]

2019-10-14 14:11:53,600 train 000 1.124495e+00 67.187500 95.312500
2019-10-14 14:14:27,840 train 050 8.150241e-01 71.568627 97.947304
2019-10-14 14:17:02,390 train 100 8.055030e-01 71.828589 97.911510
2019-10-14 14:19:38,001 train 150 7.957024e-01 71.988825 98.002897
2019-10-14 14:22:13,157 train 200 7.839111e-01 72.512438 98.111007
2019-10-14 14:24:47,464 train 250 7.785085e-01 72.989293 98.107570
2019-10-14 14:27:23,080 train 300 7.780033e-01 73.042982 98.094892
2019-10-14 14:29:58,458 train 350 7.750408e-01 73.139245 98.108084
2019-10-14 14:32:02,158 train_acc (R^2 for regression) 73.228000
2019-10-14 14:32:02,466 train 000 6.728822e-01 76.562500 98.437500
2019-10-14 14:32:10,880 train 050 7.375497e-01 74.601716 97.794118
2019-10-14 14:32:19,358 train 100 7.295987e-01 75.030941 98.143564
2019-10-14 14:32:27,779 train 150 7.383959e-01 74.348096 98.137417
2019-10-14 14:32:36,156 train 200 7.420923e-01 74.074938 98.180970
2019-10-14 14:32:44,564 train 250 7.394096e-01 74.184512 98.157371
2019-10-14 14:32:52,961 train 300 7.388864e-01 74.314784 98.141611
2019-10-14 14:33:01,361 train 350 7.442621e-01 74.216524 98.076923
2019-10-14 14:33:08,071 valid_acc (R^2 for regression) 74.244000
2019-10-14 14:33:08,260 epoch 4 lr 2.462300e-02
2019-10-14 14:33:08,261 genotype = Genotype(normal=[('max_pool_3x3', 0), ('max_pool_3x3', 1), ('max_pool_3x3', 0), ('max_pool_3x3', 1), ('sep_conv_3x3', 1), ('max_pool_3x3', 0), ('max_pool_3x3', 0), ('dil_conv_3x3', 3)], normal_concat=range(2, 6), reduce=[('max_pool_3x3', 0), ('max_pool_3x3', 1), ('max_pool_3x3', 0), ('dil_conv_5x5', 2), ('max_pool_3x3', 0), ('dil_conv_5x5', 3), ('max_pool_3x3', 0), ('dil_conv_5x5', 3)], reduce_concat=range(2, 6))
2019-10-14 14:33:08,263 
alphas_normal = Variable containing:
 0.1185  0.1382  0.1143  0.1256  0.1372  0.1215  0.1243  0.1205
 0.1356  0.1286  0.1109  0.1256  0.1270  0.1204  0.1273  0.1247
 0.1244  0.1377  0.1147  0.1256  0.1310  0.1231  0.1194  0.1241
 0.1332  0.1307  0.1129  0.1255  0.1249  0.1237  0.1260  0.1231
 0.1329  0.1250  0.1131  0.1260  0.1243  0.1252  0.1306  0.1230
 0.1270  0.1366  0.1165  0.1260  0.1245  0.1257  0.1224  0.1213
 0.1238  0.1257  0.1106  0.1185  0.1531  0.1254  0.1211  0.1218
 0.1362  0.1226  0.1116  0.1239  0.1262  0.1236  0.1254  0.1306
 0.1424  0.1188  0.1111  0.1208  0.1315  0.1234  0.1259  0.1261
 0.1266  0.1387  0.1184  0.1268  0.1248  0.1242  0.1213  0.1193
 0.1337  0.1298  0.1146  0.1222  0.1255  0.1234  0.1242  0.1265
 0.1362  0.1237  0.1136  0.1237  0.1241  0.1264  0.1273  0.1250
 0.1377  0.1204  0.1125  0.1190  0.1256  0.1261  0.1307  0.1281
 0.1393  0.1192  0.1123  0.1172  0.1268  0.1264  0.1299  0.1289
[torch.cuda.FloatTensor of size 14x8 (GPU 0)]

2019-10-14 14:33:08,264 
alphas_reduce = Variable containing:
 0.1218  0.1379  0.1289  0.1249  0.1273  0.1188  0.1187  0.1217
 0.1288  0.1270  0.1230  0.1251  0.1254  0.1231  0.1250  0.1227
 0.1162  0.1373  0.1275  0.1218  0.1271  0.1247  0.1199  0.1256
 0.1262  0.1291  0.1231  0.1271  0.1189  0.1282  0.1246  0.1227
 0.1287  0.1292  0.1140  0.1254  0.1223  0.1266  0.1235  0.1304
 0.1173  0.1363  0.1273  0.1222  0.1283  0.1193  0.1233  0.1260
 0.1298  0.1227  0.1176  0.1312  0.1289  0.1236  0.1278  0.1184
 0.1277  0.1286  0.1146  0.1241  0.1213  0.1234  0.1275  0.1329
 0.1285  0.1257  0.1137  0.1230  0.1251  0.1244  0.1236  0.1360
 0.1209  0.1342  0.1250  0.1232  0.1216  0.1307  0.1221  0.1222
 0.1263  0.1285  0.1242  0.1272  0.1245  0.1205  0.1234  0.1253
 0.1305  0.1295  0.1154  0.1250  0.1239  0.1246  0.1248  0.1262
 0.1290  0.1276  0.1162  0.1247  0.1239  0.1238  0.1246  0.1302
 0.1291  0.1245  0.1146  0.1217  0.1256  0.1292  0.1256  0.1298
[torch.cuda.FloatTensor of size 14x8 (GPU 0)]

2019-10-14 14:33:11,392 train 000 7.782716e-01 75.000000 96.875000
2019-10-14 14:35:45,045 train 050 6.982797e-01 75.275735 98.376225
2019-10-14 14:38:19,639 train 100 7.066161e-01 75.061881 98.422030
2019-10-14 14:40:54,707 train 150 7.012494e-01 75.175911 98.509934
2019-10-14 14:43:29,817 train 200 7.027071e-01 75.380908 98.351990
2019-10-14 14:46:04,911 train 250 6.940597e-01 75.641185 98.412600
2019-10-14 14:48:38,964 train 300 6.881324e-01 75.970723 98.395972
2019-10-14 14:51:14,768 train 350 6.839624e-01 76.108440 98.459758
2019-10-14 14:53:19,324 train_acc (R^2 for regression) 76.212000
2019-10-14 14:53:19,637 train 000 7.445219e-01 75.000000 95.312500
2019-10-14 14:53:28,060 train 050 7.194746e-01 75.214461 98.437500
2019-10-14 14:53:36,477 train 100 7.095090e-01 75.556931 98.452970
2019-10-14 14:53:44,907 train 150 7.034898e-01 75.745033 98.489238
2019-10-14 14:53:53,341 train 200 6.994943e-01 75.800684 98.468595
2019-10-14 14:54:01,768 train 250 6.905582e-01 75.958665 98.543327
2019-10-14 14:54:10,249 train 300 6.891418e-01 76.033015 98.494601
2019-10-14 14:54:18,678 train 350 6.883148e-01 76.068376 98.504274
2019-10-14 14:54:25,408 valid_acc (R^2 for regression) 76.048000
2019-10-14 14:54:25,531 epoch 5 lr 2.441268e-02
2019-10-14 14:54:25,532 genotype = Genotype(normal=[('sep_conv_3x3', 0), ('max_pool_3x3', 1), ('max_pool_3x3', 0), ('dil_conv_3x3', 2), ('sep_conv_3x3', 1), ('max_pool_3x3', 0), ('max_pool_3x3', 0), ('dil_conv_3x3', 4)], normal_concat=range(2, 6), reduce=[('max_pool_3x3', 0), ('max_pool_3x3', 1), ('max_pool_3x3', 0), ('max_pool_3x3', 1), ('max_pool_3x3', 0), ('dil_conv_5x5', 3), ('max_pool_3x3', 0), ('max_pool_3x3', 2)], reduce_concat=range(2, 6))
2019-10-14 14:54:25,534 
alphas_normal = Variable containing:
 0.1190  0.1373  0.1100  0.1234  0.1419  0.1227  0.1244  0.1212
 0.1384  0.1286  0.1086  0.1260  0.1271  0.1187  0.1267  0.1259
 0.1271  0.1374  0.1111  0.1239  0.1352  0.1220  0.1186  0.1246
 0.1356  0.1310  0.1104  0.1257  0.1256  0.1238  0.1256  0.1224
 0.1359  0.1229  0.1091  0.1244  0.1262  0.1267  0.1319  0.1229
 0.1289  0.1370  0.1134  0.1247  0.1248  0.1285  0.1222  0.1206
 0.1246  0.1264  0.1087  0.1185  0.1574  0.1241  0.1191  0.1211
 0.1389  0.1212  0.1086  0.1228  0.1252  0.1250  0.1253  0.1331
 0.1506  0.1163  0.1076  0.1198  0.1313  0.1210  0.1262  0.1271
 0.1296  0.1383  0.1147  0.1246  0.1264  0.1251  0.1216  0.1197
 0.1354  0.1305  0.1131  0.1227  0.1243  0.1219  0.1255  0.1266
 0.1387  0.1229  0.1109  0.1225  0.1247  0.1267  0.1281  0.1256
 0.1411  0.1177  0.1087  0.1165  0.1272  0.1275  0.1310  0.1303
 0.1445  0.1159  0.1078  0.1135  0.1275  0.1278  0.1318  0.1312
[torch.cuda.FloatTensor of size 14x8 (GPU 0)]

2019-10-14 14:54:25,535 
alphas_reduce = Variable containing:
 0.1213  0.1417  0.1304  0.1246  0.1271  0.1183  0.1160  0.1206
 0.1291  0.1286  0.1238  0.1251  0.1235  0.1218  0.1246  0.1235
 0.1146  0.1413  0.1289  0.1205  0.1264  0.1251  0.1184  0.1248
 0.1264  0.1313  0.1237  0.1281  0.1168  0.1284  0.1233  0.1220
 0.1296  0.1306  0.1114  0.1254  0.1236  0.1268  0.1222  0.1304
 0.1163  0.1395  0.1293  0.1223  0.1288  0.1173  0.1223  0.1242
 0.1300  0.1241  0.1179  0.1328  0.1277  0.1226  0.1281  0.1168
 0.1288  0.1294  0.1129  0.1250  0.1191  0.1228  0.1299  0.1320
 0.1301  0.1254  0.1113  0.1229  0.1235  0.1236  0.1237  0.1394
 0.1196  0.1378  0.1266  0.1230  0.1192  0.1323  0.1212  0.1203
 0.1264  0.1311  0.1253  0.1284  0.1213  0.1219  0.1208  0.1248
 0.1310  0.1312  0.1135  0.1258  0.1227  0.1240  0.1254  0.1264
 0.1281  0.1294  0.1147  0.1251  0.1247  0.1240  0.1231  0.1310
 0.1294  0.1249  0.1122  0.1213  0.1246  0.1298  0.1264  0.1312
[torch.cuda.FloatTensor of size 14x8 (GPU 0)]

2019-10-14 14:54:28,769 train 000 7.644504e-01 75.000000 98.437500
2019-10-14 14:57:03,558 train 050 6.611206e-01 76.593137 98.437500
2019-10-14 14:59:37,850 train 100 6.455941e-01 77.103960 98.623144
2019-10-14 15:02:13,159 train 150 6.343042e-01 77.928394 98.582368
2019-10-14 15:04:48,597 train 200 6.320472e-01 78.086132 98.600746
2019-10-14 15:07:23,660 train 250 6.258953e-01 78.249502 98.667829
2019-10-14 15:09:58,998 train 300 6.226541e-01 78.327450 98.697051
2019-10-14 15:12:33,407 train 350 6.186656e-01 78.409900 98.740207
2019-10-14 15:14:37,202 train_acc (R^2 for regression) 78.428000
2019-10-14 15:14:37,507 train 000 7.690053e-01 73.437500 96.875000
2019-10-14 15:14:45,941 train 050 6.515569e-01 77.542892 98.560049
2019-10-14 15:14:54,383 train 100 6.480052e-01 77.413366 98.685025
2019-10-14 15:15:02,810 train 150 6.461857e-01 77.566225 98.623758
2019-10-14 15:15:11,229 train 200 6.522361e-01 77.425373 98.647388
2019-10-14 15:15:19,572 train 250 6.572185e-01 77.483815 98.611803
2019-10-14 15:15:27,921 train 300 6.590331e-01 77.372301 98.582849
2019-10-14 15:15:36,290 train 350 6.642373e-01 77.167913 98.579950
2019-10-14 15:15:42,961 valid_acc (R^2 for regression) 77.224000
2019-10-14 15:15:43,083 epoch 6 lr 2.415732e-02
2019-10-14 15:15:43,084 genotype = Genotype(normal=[('sep_conv_3x3', 0), ('sep_conv_3x3', 1), ('sep_conv_3x3', 0), ('dil_conv_3x3', 2), ('sep_conv_3x3', 1), ('max_pool_3x3', 0), ('max_pool_3x3', 0), ('dil_conv_5x5', 4)], normal_concat=range(2, 6), reduce=[('max_pool_3x3', 0), ('max_pool_3x3', 1), ('max_pool_3x3', 0), ('dil_conv_5x5', 2), ('max_pool_3x3', 0), ('dil_conv_5x5', 3), ('max_pool_3x3', 0), ('dil_conv_5x5', 4)], reduce_concat=range(2, 6))
2019-10-14 15:15:43,085 
alphas_normal = Variable containing:
 0.1187  0.1366  0.1074  0.1223  0.1472  0.1242  0.1240  0.1197
 0.1405  0.1272  0.1064  0.1265  0.1302  0.1178  0.1265  0.1250
 0.1284  0.1370  0.1091  0.1230  0.1392  0.1207  0.1177  0.1250
 0.1363  0.1310  0.1091  0.1265  0.1267  0.1240  0.1250  0.1214
 0.1383  0.1218  0.1066  0.1243  0.1270  0.1286  0.1324  0.1210
 0.1301  0.1369  0.1119  0.1239  0.1262  0.1285  0.1227  0.1199
 0.1264  0.1260  0.1075  0.1191  0.1593  0.1237  0.1183  0.1198
 0.1424  0.1197  0.1061  0.1223  0.1257  0.1236  0.1261  0.1341
 0.1559  0.1142  0.1048  0.1187  0.1339  0.1199  0.1258  0.1270
 0.1313  0.1392  0.1134  0.1242  0.1276  0.1252  0.1214  0.1178
 0.1378  0.1306  0.1113  0.1225  0.1252  0.1195  0.1262  0.1269
 0.1397  0.1215  0.1079  0.1204  0.1255  0.1295  0.1294  0.1260
 0.1451  0.1167  0.1065  0.1154  0.1258  0.1281  0.1320  0.1305
 0.1494  0.1142  0.1055  0.1120  0.1273  0.1276  0.1319  0.1321
[torch.cuda.FloatTensor of size 14x8 (GPU 0)]

2019-10-14 15:15:43,087 
alphas_reduce = Variable containing:
 0.1200  0.1444  0.1313  0.1238  0.1274  0.1184  0.1149  0.1197
 0.1308  0.1286  0.1234  0.1255  0.1238  0.1215  0.1232  0.1233
 0.1133  0.1438  0.1301  0.1211  0.1274  0.1243  0.1162  0.1238
 0.1268  0.1317  0.1235  0.1295  0.1166  0.1276  0.1241  0.1203
 0.1297  0.1320  0.1098  0.1258  0.1226  0.1266  0.1204  0.1331
 0.1144  0.1415  0.1302  0.1224  0.1303  0.1161  0.1214  0.1237
 0.1303  0.1228  0.1162  0.1364  0.1271  0.1227  0.1286  0.1159
 0.1282  0.1301  0.1111  0.1245  0.1177  0.1233  0.1328  0.1323
 0.1323  0.1259  0.1095  0.1230  0.1219  0.1227  0.1244  0.1403
 0.1184  0.1402  0.1277  0.1222  0.1179  0.1327  0.1210  0.1198
 0.1276  0.1306  0.1242  0.1301  0.1198  0.1215  0.1205  0.1258
 0.1315  0.1316  0.1117  0.1261  0.1225  0.1254  0.1258  0.1254
 0.1279  0.1299  0.1133  0.1252  0.1248  0.1236  0.1238  0.1315
 0.1312  0.1242  0.1105  0.1210  0.1245  0.1301  0.1264  0.1320
[torch.cuda.FloatTensor of size 14x8 (GPU 0)]

2019-10-14 15:15:46,337 train 000 6.487733e-01 81.250000 98.437500
2019-10-14 15:18:21,629 train 050 5.416203e-01 81.709559 99.080882
2019-10-14 15:20:57,125 train 100 5.578181e-01 80.816832 99.071782
2019-10-14 15:23:32,121 train 150 5.761862e-01 79.966887 98.996275
2019-10-14 15:26:07,607 train 200 5.847021e-01 79.819652 99.004975
2019-10-14 15:28:42,324 train 250 5.853677e-01 79.843127 98.985309
2019-10-14 15:31:17,055 train 300 5.842802e-01 80.019726 98.966985
2019-10-14 15:33:52,635 train 350 5.812201e-01 80.128205 98.958333
2019-10-14 15:35:56,575 train_acc (R^2 for regression) 80.184000
2019-10-14 15:35:56,885 train 000 6.261576e-01 75.000000 100.000000
2019-10-14 15:36:05,294 train 050 6.431459e-01 78.063725 98.713235
2019-10-14 15:36:13,700 train 100 6.447874e-01 77.970297 98.406559
2019-10-14 15:36:22,111 train 150 6.381369e-01 78.269868 98.509934
2019-10-14 15:36:30,527 train 200 6.341073e-01 78.389303 98.554104
2019-10-14 15:36:38,989 train 250 6.215694e-01 78.890687 98.649153
2019-10-14 15:36:47,404 train 300 6.184674e-01 79.028239 98.639950
2019-10-14 15:36:55,839 train 350 6.162885e-01 78.935185 98.642272
2019-10-14 15:37:02,585 valid_acc (R^2 for regression) 78.940000
2019-10-14 15:37:02,774 epoch 7 lr 2.385792e-02
2019-10-14 15:37:02,774 genotype = Genotype(normal=[('sep_conv_3x3', 0), ('sep_conv_3x3', 1), ('sep_conv_3x3', 0), ('dil_conv_3x3', 2), ('sep_conv_3x3', 1), ('max_pool_3x3', 0), ('max_pool_3x3', 0), ('dil_conv_3x3', 4)], normal_concat=range(2, 6), reduce=[('max_pool_3x3', 0), ('max_pool_3x3', 1), ('max_pool_3x3', 0), ('dil_conv_5x5', 2), ('max_pool_3x3', 0), ('dil_conv_5x5', 3), ('max_pool_3x3', 0), ('dil_conv_5x5', 4)], reduce_concat=range(2, 6))
2019-10-14 15:37:02,776 
alphas_normal = Variable containing:
 0.1191  0.1353  0.1052  0.1207  0.1519  0.1252  0.1250  0.1177
 0.1427  0.1249  0.1028  0.1246  0.1320  0.1182  0.1284  0.1264
 0.1283  0.1366  0.1082  0.1227  0.1423  0.1200  0.1175  0.1244
 0.1398  0.1290  0.1061  0.1244  0.1292  0.1247  0.1255  0.1213
 0.1404  0.1195  0.1034  0.1230  0.1259  0.1306  0.1354  0.1218
 0.1302  0.1372  0.1112  0.1238  0.1273  0.1300  0.1224  0.1179
 0.1285  0.1246  0.1049  0.1171  0.1641  0.1227  0.1188  0.1193
 0.1461  0.1186  0.1038  0.1222  0.1261  0.1225  0.1270  0.1337
 0.1610  0.1122  0.1017  0.1169  0.1342  0.1193  0.1262  0.1285
 0.1323  0.1394  0.1122  0.1237  0.1289  0.1247  0.1218  0.1171
 0.1415  0.1298  0.1090  0.1211  0.1260  0.1174  0.1277  0.1277
 0.1433  0.1205  0.1053  0.1197  0.1263  0.1294  0.1306  0.1250
 0.1492  0.1152  0.1039  0.1142  0.1255  0.1293  0.1331  0.1295
 0.1545  0.1117  0.1022  0.1096  0.1259  0.1265  0.1354  0.1342
[torch.cuda.FloatTensor of size 14x8 (GPU 0)]

2019-10-14 15:37:02,777 
alphas_reduce = Variable containing:
 0.1191  0.1464  0.1314  0.1248  0.1266  0.1167  0.1144  0.1207
 0.1314  0.1300  0.1236  0.1256  0.1226  0.1196  0.1233  0.1239
 0.1123  0.1450  0.1297  0.1211  0.1279  0.1248  0.1150  0.1242
 0.1255  0.1323  0.1229  0.1310  0.1168  0.1267  0.1239  0.1210
 0.1310  0.1316  0.1077  0.1252  0.1224  0.1292  0.1196  0.1334
 0.1125  0.1433  0.1306  0.1220  0.1308  0.1152  0.1222  0.1235
 0.1300  0.1235  0.1158  0.1376  0.1276  0.1216  0.1295  0.1144
 0.1285  0.1306  0.1098  0.1247  0.1171  0.1221  0.1353  0.1320
 0.1334  0.1267  0.1084  0.1238  0.1211  0.1210  0.1257  0.1399
 0.1179  0.1408  0.1278  0.1227  0.1162  0.1314  0.1218  0.1214
 0.1277  0.1306  0.1235  0.1309  0.1187  0.1209  0.1204  0.1272
 0.1329  0.1300  0.1095  0.1257  0.1242  0.1255  0.1263  0.1260
 0.1293  0.1296  0.1115  0.1251  0.1251  0.1246  0.1244  0.1303
 0.1334  0.1224  0.1086  0.1199  0.1247  0.1309  0.1261  0.1340
[torch.cuda.FloatTensor of size 14x8 (GPU 0)]

2019-10-14 15:37:05,976 train 000 9.356144e-01 70.312500 98.437500
2019-10-14 15:39:40,515 train 050 5.209927e-01 81.985294 99.234069
2019-10-14 15:42:16,090 train 100 5.098353e-01 82.332921 99.319307
2019-10-14 15:44:51,419 train 150 5.187948e-01 81.922599 99.234272
2019-10-14 15:47:26,542 train 200 5.157015e-01 82.128420 99.230410
2019-10-14 15:50:02,386 train 250 5.218208e-01 81.947211 99.203187
2019-10-14 15:52:37,961 train 300 5.270422e-01 81.779485 99.169435
2019-10-14 15:55:12,399 train 350 5.277817e-01 81.810897 99.176460
2019-10-14 15:57:16,440 train_acc (R^2 for regression) 81.948000
2019-10-14 15:57:16,748 train 000 5.877153e-01 76.562500 100.000000
2019-10-14 15:57:25,204 train 050 6.328788e-01 79.044118 98.621324
2019-10-14 15:57:33,640 train 100 6.258005e-01 78.805693 98.715965
2019-10-14 15:57:42,080 train 150 6.210727e-01 78.870033 98.768626
2019-10-14 15:57:50,524 train 200 6.195190e-01 78.847948 98.833955
2019-10-14 15:57:58,956 train 250 6.210091e-01 78.722610 98.867032
2019-10-14 15:58:07,379 train 300 6.147366e-01 78.971138 98.868355
2019-10-14 15:58:15,808 train 350 6.115069e-01 79.086538 98.873754
2019-10-14 15:58:22,549 valid_acc (R^2 for regression) 78.888000
2019-10-14 15:58:22,687 epoch 8 lr 2.351568e-02
2019-10-14 15:58:22,688 genotype = Genotype(normal=[('sep_conv_3x3', 0), ('sep_conv_3x3', 1), ('sep_conv_3x3', 0), ('dil_conv_3x3', 2), ('sep_conv_3x3', 1), ('max_pool_3x3', 0), ('max_pool_3x3', 0), ('dil_conv_3x3', 4)], normal_concat=range(2, 6), reduce=[('max_pool_3x3', 0), ('max_pool_3x3', 1), ('max_pool_3x3', 0), ('dil_conv_5x5', 2), ('max_pool_3x3', 0), ('dil_conv_5x5', 3), ('max_pool_3x3', 0), ('dil_conv_5x5', 4)], reduce_concat=range(2, 6))
2019-10-14 15:58:22,690 
alphas_normal = Variable containing:
 0.1190  0.1350  0.1036  0.1203  0.1555  0.1244  0.1259  0.1163
 0.1457  0.1224  0.0999  0.1233  0.1353  0.1184  0.1283  0.1267
 0.1283  0.1372  0.1075  0.1236  0.1454  0.1181  0.1162  0.1237
 0.1437  0.1277  0.1040  0.1239  0.1312  0.1227  0.1262  0.1206
 0.1429  0.1187  0.1017  0.1228  0.1261  0.1328  0.1351  0.1200
 0.1299  0.1386  0.1104  0.1243  0.1282  0.1288  0.1235  0.1164
 0.1314  0.1237  0.1027  0.1162  0.1678  0.1214  0.1187  0.1181
 0.1484  0.1178  0.1017  0.1212  0.1270  0.1232  0.1276  0.1330
 0.1684  0.1104  0.0991  0.1155  0.1364  0.1178  0.1257  0.1268
 0.1335  0.1396  0.1118  0.1241  0.1308  0.1232  0.1207  0.1163
 0.1453  0.1288  0.1068  0.1203  0.1278  0.1164  0.1283  0.1262
 0.1461  0.1187  0.1029  0.1184  0.1274  0.1320  0.1298  0.1246
 0.1526  0.1125  0.1010  0.1116  0.1269  0.1308  0.1337  0.1309
 0.1609  0.1086  0.0988  0.1067  0.1262  0.1261  0.1377  0.1350
[torch.cuda.FloatTensor of size 14x8 (GPU 0)]

2019-10-14 15:58:22,691 
alphas_reduce = Variable containing:
 0.1181  0.1470  0.1304  0.1254  0.1264  0.1160  0.1140  0.1227
 0.1323  0.1305  0.1233  0.1261  0.1229  0.1184  0.1235  0.1231
 0.1123  0.1464  0.1291  0.1223  0.1281  0.1245  0.1130  0.1244
 0.1244  0.1327  0.1226  0.1329  0.1166  0.1258  0.1247  0.1204
 0.1317  0.1334  0.1078  0.1272  0.1208  0.1275  0.1183  0.1334
 0.1112  0.1447  0.1305  0.1221  0.1304  0.1149  0.1237  0.1225
 0.1290  0.1239  0.1155  0.1382  0.1289  0.1229  0.1285  0.1131
 0.1283  0.1330  0.1105  0.1268  0.1151  0.1192  0.1350  0.1321
 0.1336  0.1276  0.1079  0.1243  0.1215  0.1209  0.1244  0.1398
 0.1174  0.1432  0.1280  0.1221  0.1143  0.1317  0.1222  0.1210
 0.1287  0.1312  0.1234  0.1299  0.1193  0.1206  0.1203  0.1264
 0.1325  0.1317  0.1101  0.1276  0.1214  0.1259  0.1252  0.1255
 0.1307  0.1301  0.1109  0.1257  0.1249  0.1240  0.1237  0.1299
 0.1334  0.1221  0.1083  0.1208  0.1239  0.1308  0.1254  0.1354
[torch.cuda.FloatTensor of size 14x8 (GPU 0)]

2019-10-14 15:58:25,916 train 000 5.233843e-01 84.375000 96.875000
2019-10-14 16:00:59,699 train 050 4.637992e-01 83.517157 99.479167
2019-10-14 16:03:35,332 train 100 4.812231e-01 83.276609 99.226485
2019-10-14 16:06:10,209 train 150 4.778837e-01 83.423013 99.234272
2019-10-14 16:08:45,751 train 200 4.779516e-01 83.372201 99.284826
2019-10-14 16:11:20,597 train 250 4.837098e-01 83.198456 99.221863
2019-10-14 16:13:55,974 train 300 4.827813e-01 83.279693 99.226537
2019-10-14 16:16:30,763 train 350 4.846091e-01 83.226496 99.225427
2019-10-14 16:18:35,133 train_acc (R^2 for regression) 83.076000
2019-10-14 16:18:35,446 train 000 6.035048e-01 76.562500 100.000000
2019-10-14 16:18:43,874 train 050 5.984435e-01 79.503676 99.142157
2019-10-14 16:18:52,354 train 100 6.144955e-01 79.362624 98.994431
2019-10-14 16:19:00,807 train 150 6.064484e-01 79.346026 99.048013
2019-10-14 16:19:09,218 train 200 6.070480e-01 79.221082 98.942786
2019-10-14 16:19:17,601 train 250 6.026052e-01 79.357570 98.972859
2019-10-14 16:19:25,995 train 300 6.078375e-01 79.126869 98.966985
2019-10-14 16:19:34,390 train 350 6.107683e-01 79.108796 98.980591
2019-10-14 16:19:41,070 valid_acc (R^2 for regression) 79.108000
2019-10-14 16:19:41,212 epoch 9 lr 2.313194e-02
2019-10-14 16:19:41,213 genotype = Genotype(normal=[('sep_conv_3x3', 0), ('sep_conv_3x3', 1), ('sep_conv_3x3', 0), ('dil_conv_3x3', 2), ('sep_conv_3x3', 1), ('max_pool_3x3', 0), ('dil_conv_3x3', 4), ('max_pool_3x3', 0)], normal_concat=range(2, 6), reduce=[('max_pool_3x3', 0), ('max_pool_3x3', 1), ('max_pool_3x3', 0), ('skip_connect', 1), ('max_pool_3x3', 0), ('skip_connect', 1), ('max_pool_3x3', 0), ('dil_conv_5x5', 4)], reduce_concat=range(2, 6))
2019-10-14 16:19:41,215 
alphas_normal = Variable containing:
 0.1206  0.1327  0.1012  0.1192  0.1596  0.1237  0.1271  0.1159
 0.1473  0.1200  0.0973  0.1226  0.1374  0.1189  0.1287  0.1278
 0.1300  0.1359  0.1059  0.1234  0.1479  0.1177  0.1158  0.1234
 0.1477  0.1261  0.1016  0.1235  0.1331  0.1219  0.1262  0.1201
 0.1464  0.1162  0.0984  0.1217  0.1286  0.1331  0.1363  0.1192
 0.1323  0.1387  0.1091  0.1248  0.1293  0.1274  0.1230  0.1155
 0.1318  0.1232  0.1009  0.1161  0.1718  0.1198  0.1192  0.1172
 0.1513  0.1172  0.0997  0.1210  0.1271  0.1234  0.1265  0.1337
 0.1745  0.1083  0.0963  0.1143  0.1376  0.1166  0.1261  0.1265
 0.1357  0.1388  0.1106  0.1240  0.1320  0.1234  0.1196  0.1160
 0.1490  0.1275  0.1051  0.1206  0.1284  0.1147  0.1284  0.1263
 0.1520  0.1159  0.0997  0.1172  0.1272  0.1340  0.1305  0.1235
 0.1603  0.1093  0.0977  0.1098  0.1272  0.1307  0.1337  0.1313
 0.1695  0.1042  0.0947  0.1035  0.1259  0.1258  0.1401  0.1363
[torch.cuda.FloatTensor of size 14x8 (GPU 0)]

2019-10-14 16:19:41,216 
alphas_reduce = Variable containing:
 0.1179  0.1481  0.1301  0.1263  0.1258  0.1173  0.1126  0.1219
 0.1320  0.1327  0.1245  0.1279  0.1211  0.1163  0.1220  0.1235
 0.1123  0.1475  0.1285  0.1233  0.1279  0.1239  0.1132  0.1234
 0.1235  0.1341  0.1228  0.1345  0.1149  0.1256  0.1242  0.1205
 0.1319  0.1338  0.1062  0.1275  0.1200  0.1284  0.1178  0.1343
 0.1107  0.1473  0.1313  0.1226  0.1297  0.1138  0.1233  0.1212
 0.1275  0.1256  0.1158  0.1418  0.1271  0.1214  0.1290  0.1118
 0.1288  0.1347  0.1101  0.1288  0.1140  0.1187  0.1341  0.1308
 0.1357  0.1275  0.1067  0.1258  0.1208  0.1197  0.1244  0.1393
 0.1173  0.1462  0.1300  0.1216  0.1131  0.1327  0.1206  0.1185
 0.1271  0.1334  0.1246  0.1290  0.1204  0.1210  0.1190  0.1256
 0.1325  0.1321  0.1091  0.1286  0.1202  0.1245  0.1263  0.1265
 0.1311  0.1293  0.1097  0.1272  0.1244  0.1251  0.1245  0.1287
 0.1334  0.1212  0.1073  0.1212  0.1243  0.1315  0.1250  0.1361
[torch.cuda.FloatTensor of size 14x8 (GPU 0)]

2019-10-14 16:19:44,446 train 000 2.310351e-01 92.187500 100.000000
2019-10-14 16:22:18,996 train 050 4.284476e-01 85.018382 99.540441
2019-10-14 16:24:54,484 train 100 4.612147e-01 83.879950 99.412129
2019-10-14 16:27:29,814 train 150 4.589755e-01 84.074917 99.358444
2019-10-14 16:30:05,465 train 200 4.639525e-01 84.071828 99.362562
2019-10-14 16:32:40,816 train 250 4.608907e-01 84.163347 99.358815
2019-10-14 16:35:16,133 train 300 4.602017e-01 84.177741 99.330357
2019-10-14 16:37:49,749 train 350 4.637818e-01 84.085648 99.310007
2019-10-14 16:39:53,723 train_acc (R^2 for regression) 83.864000
2019-10-14 16:39:54,034 train 000 4.337385e-01 85.937500 100.000000
2019-10-14 16:40:02,484 train 050 5.640394e-01 80.238971 99.234069
2019-10-14 16:40:10,941 train 100 5.683272e-01 79.842203 99.118193
2019-10-14 16:40:19,394 train 150 5.692504e-01 79.966887 99.079056
2019-10-14 16:40:27,880 train 200 5.626987e-01 80.076182 99.074938
2019-10-14 16:40:36,305 train 250 5.618769e-01 80.166833 99.035110
2019-10-14 16:40:44,730 train 300 5.633652e-01 80.154693 99.039659
2019-10-14 16:40:53,187 train 350 5.637977e-01 80.132657 99.047365
2019-10-14 16:40:59,959 valid_acc (R^2 for regression) 80.284000
2019-10-14 16:41:00,149 epoch 10 lr 2.270820e-02
2019-10-14 16:41:00,149 genotype = Genotype(normal=[('sep_conv_3x3', 0), ('sep_conv_3x3', 1), ('sep_conv_3x3', 0), ('dil_conv_3x3', 2), ('sep_conv_3x3', 1), ('max_pool_3x3', 0), ('dil_conv_3x3', 4), ('max_pool_3x3', 0)], normal_concat=range(2, 6), reduce=[('max_pool_3x3', 0), ('max_pool_3x3', 1), ('max_pool_3x3', 0), ('max_pool_3x3', 1), ('max_pool_3x3', 0), ('skip_connect', 1), ('max_pool_3x3', 0), ('max_pool_3x3', 1)], reduce_concat=range(2, 6))
2019-10-14 16:41:00,151 
alphas_normal = Variable containing:
 0.1217  0.1310  0.0990  0.1178  0.1646  0.1239  0.1279  0.1142
 0.1490  0.1182  0.0955  0.1224  0.1395  0.1192  0.1301  0.1260
 0.1322  0.1343  0.1038  0.1223  0.1523  0.1171  0.1148  0.1233
 0.1506  0.1247  0.0991  0.1219  0.1345  0.1203  0.1292  0.1197
 0.1499  0.1140  0.0951  0.1200  0.1305  0.1352  0.1363  0.1190
 0.1345  0.1390  0.1082  0.1252  0.1271  0.1281  0.1220  0.1159
 0.1335  0.1234  0.0999  0.1159  0.1746  0.1171  0.1187  0.1168
 0.1562  0.1160  0.0976  0.1210  0.1268  0.1229  0.1265  0.1330
 0.1810  0.1056  0.0936  0.1127  0.1385  0.1145  0.1267  0.1273
 0.1400  0.1385  0.1086  0.1231  0.1323  0.1232  0.1181  0.1163
 0.1525  0.1276  0.1039  0.1210  0.1300  0.1112  0.1288  0.1250
 0.1564  0.1143  0.0969  0.1162  0.1265  0.1357  0.1307  0.1232
 0.1686  0.1069  0.0948  0.1084  0.1273  0.1301  0.1332  0.1307
 0.1783  0.1010  0.0909  0.1003  0.1258  0.1230  0.1429  0.1379
[torch.cuda.FloatTensor of size 14x8 (GPU 0)]

2019-10-14 16:41:00,152 
alphas_reduce = Variable containing:
 0.1163  0.1522  0.1315  0.1274  0.1240  0.1163  0.1111  0.1212
 0.1327  0.1359  0.1267  0.1283  0.1197  0.1141  0.1211  0.1216
 0.1117  0.1517  0.1305  0.1244  0.1275  0.1197  0.1125  0.1220
 0.1221  0.1368  0.1243  0.1350  0.1138  0.1247  0.1236  0.1197
 0.1342  0.1346  0.1055  0.1297  0.1191  0.1264  0.1170  0.1334
 0.1093  0.1516  0.1333  0.1212  0.1311  0.1119  0.1219  0.1197
 0.1265  0.1284  0.1170  0.1440  0.1245  0.1212  0.1278  0.1105
 0.1286  0.1357  0.1095  0.1298  0.1134  0.1172  0.1348  0.1311
 0.1368  0.1282  0.1057  0.1268  0.1192  0.1186  0.1246  0.1400
 0.1153  0.1514  0.1330  0.1211  0.1109  0.1312  0.1208  0.1162
 0.1267  0.1365  0.1262  0.1279  0.1197  0.1194  0.1196  0.1239
