2019-10-14 13:10:03,134 gpu device = 1
2019-10-14 13:10:03,134 args = Namespace(arch_learning_rate=0.0003, arch_weight_decay=0.001, batch_size=64, cutout=False, cutout_length=16, data='../data', dataset='fashion-mnist', drop_path_prob=0.3, epochs=50, gpu=1, grad_clip=5, init_channels=16, layers=8, learning_rate=0.025, learning_rate_min=0.001, model_path='saved_models', momentum=0.9, report_freq=50, save='search-FASHION-MNIST-20191014-131002', seed=2, train_portion=0.5, unrolled=True, weight_decay=0.0003)
2019-10-14 13:10:07,011 param size = 1.929754MB
2019-10-14 13:10:07,023 epoch 0 lr 2.500000e-02
2019-10-14 13:10:07,024 genotype = Genotype(normal=[('sep_conv_5x5', 1), ('skip_connect', 0), ('max_pool_3x3', 2), ('sep_conv_3x3', 1), ('avg_pool_3x3', 1), ('max_pool_3x3', 2), ('dil_conv_5x5', 1), ('sep_conv_5x5', 0)], normal_concat=range(2, 6), reduce=[('skip_connect', 0), ('dil_conv_3x3', 1), ('sep_conv_5x5', 1), ('sep_conv_5x5', 0), ('skip_connect', 1), ('skip_connect', 3), ('dil_conv_5x5', 0), ('dil_conv_5x5', 2)], reduce_concat=range(2, 6))
2019-10-14 13:10:07,026 
alphas_normal = Variable containing:
 0.1250  0.1250  0.1251  0.1252  0.1249  0.1249  0.1251  0.1249
 0.1250  0.1250  0.1250  0.1249  0.1250  0.1252  0.1251  0.1248
 0.1250  0.1250  0.1250  0.1250  0.1250  0.1251  0.1249  0.1251
 0.1252  0.1249  0.1250  0.1249  0.1251  0.1249  0.1250  0.1250
 0.1249  0.1252  0.1248  0.1250  0.1250  0.1249  0.1252  0.1249
 0.1249  0.1251  0.1250  0.1249  0.1251  0.1251  0.1251  0.1249
 0.1250  0.1250  0.1252  0.1249  0.1251  0.1250  0.1250  0.1248
 0.1250  0.1252  0.1250  0.1250  0.1248  0.1249  0.1249  0.1252
 0.1252  0.1251  0.1252  0.1247  0.1251  0.1251  0.1248  0.1248
 0.1251  0.1249  0.1248  0.1248  0.1250  0.1252  0.1250  0.1251
 0.1250  0.1249  0.1251  0.1251  0.1249  0.1250  0.1249  0.1252
 0.1249  0.1249  0.1251  0.1250  0.1250  0.1250  0.1251  0.1251
 0.1250  0.1250  0.1250  0.1251  0.1251  0.1249  0.1251  0.1248
 0.1251  0.1249  0.1250  0.1250  0.1251  0.1248  0.1251  0.1250
[torch.cuda.FloatTensor of size 14x8 (GPU 1)]

2019-10-14 13:10:07,028 
alphas_reduce = Variable containing:
 0.1249  0.1251  0.1251  0.1252  0.1250  0.1247  0.1250  0.1250
 0.1250  0.1249  0.1251  0.1248  0.1251  0.1249  0.1251  0.1251
 0.1250  0.1251  0.1249  0.1250  0.1249  0.1251  0.1251  0.1249
 0.1248  0.1251  0.1251  0.1251  0.1251  0.1251  0.1249  0.1248
 0.1252  0.1250  0.1250  0.1250  0.1249  0.1248  0.1250  0.1249
 0.1249  0.1251  0.1252  0.1249  0.1250  0.1249  0.1250  0.1249
 0.1249  0.1249  0.1248  0.1253  0.1250  0.1250  0.1250  0.1251
 0.1250  0.1252  0.1248  0.1250  0.1250  0.1251  0.1249  0.1249
 0.1248  0.1250  0.1250  0.1252  0.1249  0.1252  0.1249  0.1250
 0.1251  0.1250  0.1252  0.1250  0.1250  0.1248  0.1248  0.1252
 0.1250  0.1249  0.1250  0.1250  0.1251  0.1250  0.1250  0.1250
 0.1250  0.1249  0.1251  0.1251  0.1251  0.1250  0.1247  0.1252
 0.1253  0.1248  0.1251  0.1250  0.1248  0.1250  0.1251  0.1249
 0.1250  0.1250  0.1252  0.1249  0.1250  0.1251  0.1250  0.1248
[torch.cuda.FloatTensor of size 14x8 (GPU 1)]

2019-10-14 13:10:18,858 train 000 2.286410e+00 10.937500 54.687500
2019-10-14 13:13:08,290 train 050 1.334069e+00 53.094363 90.349265
2019-10-14 13:15:55,283 train 100 9.743671e-01 66.336634 94.492574
2019-10-14 13:18:46,617 train 150 7.829315e-01 73.096026 96.161010
2019-10-14 13:21:36,446 train 200 6.623592e-01 77.557525 97.007152
2019-10-14 13:24:23,436 train 250 5.802604e-01 80.490538 97.559761
2019-10-14 13:27:12,989 train 300 5.212759e-01 82.615241 97.944352
2019-10-14 13:29:44,167 train 350 4.718625e-01 84.343839 98.206019
2019-10-14 13:32:07,766 train 400 4.342301e-01 85.594607 98.406328
2019-10-14 13:34:31,319 train 450 4.040596e-01 86.633869 98.565687
2019-10-14 13:35:30,012 train_acc (R^2 for regression) 86.950000
2019-10-14 13:35:30,305 train 000 3.581248e+00 37.500000 76.562500
2019-10-14 13:35:38,431 train 050 3.186106e+00 37.867647 76.409314
2019-10-14 13:35:46,563 train 100 3.206342e+00 37.500000 76.144802
2019-10-14 13:35:54,701 train 150 3.229560e+00 37.479305 76.355546
2019-10-14 13:36:02,842 train 200 3.230218e+00 37.134639 76.399254
2019-10-14 13:36:10,953 train 250 3.245264e+00 36.908616 76.369522
2019-10-14 13:36:19,079 train 300 3.247825e+00 36.700581 76.344477
2019-10-14 13:36:27,214 train 350 3.240328e+00 36.805556 76.469017
2019-10-14 13:36:35,352 train 400 3.227958e+00 36.888248 76.578086
2019-10-14 13:36:43,474 train 450 3.232136e+00 36.879850 76.635255
2019-10-14 13:36:46,409 valid_acc (R^2 for regression) 36.830000
2019-10-14 13:36:46,528 epoch 1 lr 2.497632e-02
2019-10-14 13:36:46,529 genotype = Genotype(normal=[('max_pool_3x3', 0), ('max_pool_3x3', 1), ('max_pool_3x3', 0), ('max_pool_3x3', 1), ('sep_conv_3x3', 2), ('max_pool_3x3', 1), ('max_pool_3x3', 0), ('max_pool_3x3', 1)], normal_concat=range(2, 6), reduce=[('max_pool_3x3', 0), ('skip_connect', 1), ('max_pool_3x3', 2), ('sep_conv_3x3', 1), ('max_pool_3x3', 2), ('sep_conv_5x5', 3), ('dil_conv_5x5', 2), ('sep_conv_3x3', 0)], reduce_concat=range(2, 6))
2019-10-14 13:36:46,531 
alphas_normal = Variable containing:
 0.1250  0.1276  0.1248  0.1268  0.1234  0.1236  0.1250  0.1237
 0.1258  0.1270  0.1238  0.1253  0.1247  0.1244  0.1250  0.1240
 0.1238  0.1278  0.1237  0.1257  0.1249  0.1249  0.1245  0.1247
 0.1256  0.1276  0.1236  0.1247  0.1247  0.1246  0.1246  0.1246
 0.1256  0.1255  0.1231  0.1254  0.1258  0.1255  0.1248  0.1243
 0.1245  0.1274  0.1243  0.1255  0.1249  0.1242  0.1247  0.1245
 0.1252  0.1274  0.1240  0.1247  0.1251  0.1247  0.1241  0.1247
 0.1256  0.1250  0.1233  0.1248  0.1275  0.1241  0.1248  0.1249
 0.1251  0.1243  0.1229  0.1240  0.1268  0.1272  0.1249  0.1249
 0.1249  0.1277  0.1242  0.1250  0.1247  0.1241  0.1245  0.1249
 0.1252  0.1274  0.1252  0.1264  0.1245  0.1234  0.1236  0.1242
 0.1252  0.1264  0.1248  0.1257  0.1259  0.1231  0.1243  0.1246
 0.1248  0.1255  0.1240  0.1250  0.1262  0.1256  0.1241  0.1249
 0.1254  0.1266  0.1254  0.1260  0.1249  0.1245  0.1237  0.1234
[torch.cuda.FloatTensor of size 14x8 (GPU 1)]

2019-10-14 13:36:46,532 
alphas_reduce = Variable containing:
 0.1242  0.1257  0.1251  0.1245  0.1253  0.1251  0.1245  0.1255
 0.1254  0.1250  0.1246  0.1254  0.1244  0.1253  0.1249  0.1249
 0.1240  0.1257  0.1247  0.1251  0.1250  0.1253  0.1246  0.1256
 0.1241  0.1250  0.1244  0.1251  0.1258  0.1254  0.1254  0.1247
 0.1264  0.1264  0.1232  0.1252  0.1242  0.1255  0.1238  0.1253
 0.1242  0.1257  0.1248  0.1254  0.1251  0.1258  0.1245  0.1245
 0.1254  0.1254  0.1246  0.1254  0.1254  0.1240  0.1245  0.1253
 0.1252  0.1264  0.1229  0.1247  0.1261  0.1246  0.1243  0.1257
 0.1245  0.1260  0.1230  0.1246  0.1251  0.1263  0.1257  0.1248
 0.1247  0.1253  0.1252  0.1244  0.1263  0.1243  0.1247  0.1252
 0.1244  0.1245  0.1242  0.1253  0.1249  0.1257  0.1248  0.1262
 0.1259  0.1258  0.1232  0.1251  0.1259  0.1236  0.1242  0.1264
 0.1266  0.1258  0.1228  0.1246  0.1246  0.1253  0.1253  0.1249
 0.1265  0.1250  0.1234  0.1241  0.1256  0.1244  0.1258  0.1252
[torch.cuda.FloatTensor of size 14x8 (GPU 1)]

2019-10-14 13:36:49,585 train 000 1.877624e-01 93.750000 100.000000
2019-10-14 13:39:17,504 train 050 1.202567e-01 96.170343 99.846814
2019-10-14 13:41:43,412 train 100 1.377557e-01 95.420792 99.860767
2019-10-14 13:44:13,912 train 150 1.369396e-01 95.457368 99.886175
2019-10-14 13:46:37,890 train 200 1.288960e-01 95.747823 99.898943
2019-10-14 13:49:07,212 train 250 1.232340e-01 95.922560 99.906624
2019-10-14 13:51:35,658 train 300 1.234171e-01 95.992525 99.911752
2019-10-14 13:53:59,270 train 350 1.184915e-01 96.158298 99.915420
2019-10-14 13:56:23,078 train 400 1.140035e-01 96.271041 99.914277
2019-10-14 13:58:47,469 train 450 1.121507e-01 96.327605 99.916851
2019-10-14 13:59:39,142 train_acc (R^2 for regression) 96.353333
2019-10-14 13:59:39,446 train 000 2.197550e-01 95.312500 98.437500
2019-10-14 13:59:47,604 train 050 1.396018e-01 95.894608 99.846814
2019-10-14 13:59:55,791 train 100 1.346163e-01 95.900371 99.845297
2019-10-14 14:00:03,971 train 150 1.320230e-01 96.181705 99.855132
2019-10-14 14:00:12,162 train 200 1.323021e-01 96.128731 99.860075
2019-10-14 14:00:20,332 train 250 1.328978e-01 96.022161 99.856823
2019-10-14 14:00:28,945 train 300 1.315454e-01 96.034053 99.849460
2019-10-14 14:00:38,961 train 350 1.300734e-01 96.060363 99.853098
2019-10-14 14:00:48,976 train 400 1.302920e-01 96.080112 99.855829
2019-10-14 14:00:59,004 train 450 1.331854e-01 96.012334 99.864884
2019-10-14 14:01:02,591 valid_acc (R^2 for regression) 96.030000
2019-10-14 14:01:02,776 epoch 2 lr 2.490538e-02
2019-10-14 14:01:02,777 genotype = Genotype(normal=[('max_pool_3x3', 0), ('max_pool_3x3', 1), ('max_pool_3x3', 1), ('max_pool_3x3', 0), ('max_pool_3x3', 1), ('sep_conv_3x3', 3), ('sep_conv_3x3', 3), ('max_pool_3x3', 1)], normal_concat=range(2, 6), reduce=[('max_pool_3x3', 0), ('max_pool_3x3', 1), ('max_pool_3x3', 2), ('max_pool_3x3', 0), ('max_pool_3x3', 2), ('max_pool_3x3', 0), ('max_pool_3x3', 2), ('max_pool_3x3', 0)], reduce_concat=range(2, 6))
2019-10-14 14:01:02,779 
alphas_normal = Variable containing:
 0.1255  0.1291  0.1227  0.1268  0.1243  0.1227  0.1250  0.1239
 0.1262  0.1287  0.1222  0.1249  0.1252  0.1244  0.1245  0.1239
 0.1242  0.1285  0.1218  0.1254  0.1250  0.1260  0.1242  0.1248
 0.1260  0.1293  0.1218  0.1243  0.1245  0.1238  0.1247  0.1255
 0.1253  0.1256  0.1203  0.1237  0.1272  0.1273  0.1255  0.1251
 0.1250  0.1282  0.1231  0.1253  0.1247  0.1248  0.1245  0.1243
 0.1256  0.1287  0.1219  0.1238  0.1251  0.1258  0.1241  0.1250
 0.1266  0.1248  0.1212  0.1241  0.1281  0.1252  0.1247  0.1252
 0.1249  0.1246  0.1212  0.1232  0.1287  0.1268  0.1247  0.1260
 0.1262  0.1281  0.1226  0.1242  0.1255  0.1239  0.1244  0.1251
 0.1261  0.1282  0.1231  0.1253  0.1251  0.1241  0.1244  0.1237
 0.1267  0.1264  0.1223  0.1250  0.1258  0.1247  0.1245  0.1246
 0.1247  0.1251  0.1217  0.1231  0.1282  0.1262  0.1261  0.1248
 0.1270  0.1268  0.1231  0.1244  0.1256  0.1261  0.1242  0.1230
[torch.cuda.FloatTensor of size 14x8 (GPU 1)]

2019-10-14 14:01:02,782 
alphas_reduce = Variable containing:
 0.1237  0.1261  0.1253  0.1252  0.1249  0.1252  0.1242  0.1253
 0.1258  0.1261  0.1252  0.1246  0.1235  0.1248  0.1248  0.1251
 0.1233  0.1270  0.1256  0.1256  0.1251  0.1255  0.1233  0.1245
 0.1242  0.1263  0.1252  0.1250  0.1266  0.1237  0.1247  0.1243
 0.1260  0.1283  0.1225  0.1259  0.1228  0.1261  0.1236  0.1248
 0.1241  0.1274  0.1257  0.1255  0.1249  0.1241  0.1241  0.1241
 0.1258  0.1268  0.1254  0.1256  0.1258  0.1229  0.1246  0.1232
 0.1248  0.1281  0.1219  0.1251  0.1261  0.1242  0.1247  0.1249
 0.1247  0.1270  0.1221  0.1249  0.1243  0.1268  0.1254  0.1249
 0.1243  0.1268  0.1261  0.1240  0.1263  0.1230  0.1248  0.1246
 0.1240  0.1253  0.1250  0.1254  0.1250  0.1252  0.1250  0.1252
 0.1267  0.1276  0.1223  0.1258  0.1242  0.1231  0.1241  0.1261
 0.1268  0.1264  0.1216  0.1246  0.1245  0.1252  0.1259  0.1251
 0.1266  0.1258  0.1224  0.1240  0.1251  0.1254  0.1260  0.1247
[torch.cuda.FloatTensor of size 14x8 (GPU 1)]

2019-10-14 14:01:06,003 train 000 5.180306e-02 98.437500 100.000000
2019-10-14 14:03:31,942 train 050 9.460079e-02 97.212010 99.908088
2019-10-14 14:05:55,296 train 100 9.845626e-02 97.029703 99.907178
2019-10-14 14:08:27,488 train 150 1.023215e-01 96.916391 99.917219
2019-10-14 14:10:52,488 train 200 9.916015e-02 96.937189 99.930037
2019-10-14 14:13:16,117 train 250 9.573227e-02 96.955926 99.943974
2019-10-14 14:15:42,691 train 300 9.566586e-02 96.921719 99.953281
2019-10-14 14:18:05,654 train 350 9.246163e-02 97.039708 99.955484
2019-10-14 14:20:32,877 train 400 8.988917e-02 97.116584 99.961035
2019-10-14 14:22:58,772 train 450 8.881891e-02 97.155626 99.958426
2019-10-14 14:23:50,530 train_acc (R^2 for regression) 97.166667
2019-10-14 14:23:50,836 train 000 1.937575e-01 95.312500 100.000000
2019-10-14 14:23:58,980 train 050 1.348230e-01 95.710784 99.969363
2019-10-14 14:24:07,131 train 100 1.274526e-01 95.776609 99.922649
2019-10-14 14:24:15,284 train 150 1.272750e-01 95.788493 99.937914
2019-10-14 14:24:23,431 train 200 1.312476e-01 95.771144 99.914490
2019-10-14 14:24:31,561 train 250 1.291650e-01 95.804283 99.925299
2019-10-14 14:24:39,690 train 300 1.300000e-01 95.826412 99.932517
2019-10-14 14:24:47,837 train 350 1.290481e-01 95.882301 99.937678
2019-10-14 14:24:55,987 train 400 1.284702e-01 95.908666 99.945449
2019-10-14 14:25:04,207 train 450 1.298391e-01 95.925721 99.944568
2019-10-14 14:25:07,131 valid_acc (R^2 for regression) 95.946667
2019-10-14 14:25:07,264 epoch 3 lr 2.478745e-02
2019-10-14 14:25:07,265 genotype = Genotype(normal=[('max_pool_3x3', 0), ('max_pool_3x3', 1), ('max_pool_3x3', 1), ('max_pool_3x3', 0), ('max_pool_3x3', 1), ('max_pool_3x3', 0), ('sep_conv_3x3', 3), ('max_pool_3x3', 1)], normal_concat=range(2, 6), reduce=[('max_pool_3x3', 0), ('max_pool_3x3', 1), ('max_pool_3x3', 2), ('max_pool_3x3', 0), ('max_pool_3x3', 2), ('max_pool_3x3', 0), ('max_pool_3x3', 2), ('max_pool_3x3', 0)], reduce_concat=range(2, 6))
2019-10-14 14:25:07,266 
alphas_normal = Variable containing:
 0.1258  0.1300  0.1215  0.1270  0.1244  0.1236  0.1248  0.1230
 0.1262  0.1291  0.1204  0.1242  0.1251  0.1259  0.1248  0.1244
 0.1245  0.1294  0.1215  0.1254  0.1261  0.1248  0.1241  0.1243
 0.1267  0.1300  0.1208  0.1248  0.1235  0.1239  0.1248  0.1255
 0.1248  0.1272  0.1197  0.1238  0.1270  0.1285  0.1240  0.1249
 0.1254  0.1288  0.1230  0.1260  0.1251  0.1243  0.1232  0.1243
 0.1265  0.1299  0.1210  0.1239  0.1257  0.1257  0.1235  0.1238
 0.1259  0.1258  0.1205  0.1236  0.1275  0.1273  0.1249  0.1243
 0.1260  0.1258  0.1207  0.1236  0.1287  0.1262  0.1235  0.1256
 0.1268  0.1283  0.1219  0.1235  0.1264  0.1236  0.1243  0.1251
 0.1266  0.1286  0.1218  0.1250  0.1253  0.1243  0.1251  0.1234
 0.1279  0.1273  0.1219  0.1251  0.1261  0.1239  0.1245  0.1233
 0.1257  0.1252  0.1206  0.1221  0.1291  0.1260  0.1264  0.1250
 0.1289  0.1264  0.1213  0.1227  0.1256  0.1271  0.1245  0.1235
[torch.cuda.FloatTensor of size 14x8 (GPU 1)]

2019-10-14 14:25:07,268 
alphas_reduce = Variable containing:
 0.1230  0.1272  0.1264  0.1254  0.1255  0.1248  0.1233  0.1245
 0.1263  0.1257  0.1252  0.1243  0.1231  0.1249  0.1254  0.1251
 0.1225  0.1280  0.1261  0.1250  0.1254  0.1252  0.1249  0.1228
 0.1253  0.1266  0.1256  0.1262  0.1261  0.1225  0.1246  0.1231
 0.1265  0.1296  0.1219  0.1268  0.1217  0.1255  0.1240  0.1240
 0.1237  0.1283  0.1262  0.1253  0.1250  0.1245  0.1247  0.1224
 0.1251  0.1269  0.1255  0.1256  0.1267  0.1229  0.1255  0.1220
 0.1248  0.1297  0.1214  0.1259  0.1250  0.1231  0.1254  0.1248
 0.1252  0.1274  0.1206  0.1242  0.1248  0.1268  0.1257  0.1251
 0.1233  0.1277  0.1268  0.1248  0.1262  0.1218  0.1251  0.1244
 0.1227  0.1250  0.1246  0.1271  0.1244  0.1249  0.1257  0.1256
 0.1265  0.1291  0.1219  0.1264  0.1241  0.1227  0.1228  0.1266
 0.1279  0.1271  0.1213  0.1258  0.1241  0.1250  0.1242  0.1244
 0.1276  0.1266  0.1220  0.1245  0.1244  0.1248  0.1256  0.1244
[torch.cuda.FloatTensor of size 14x8 (GPU 1)]

2019-10-14 14:25:10,273 train 000 5.701861e-02 96.875000 100.000000
2019-10-14 14:27:34,197 train 050 1.033904e-01 96.997549 99.938725
2019-10-14 14:29:58,014 train 100 8.712785e-02 97.354579 99.953589
2019-10-14 14:32:20,282 train 150 8.672475e-02 97.371689 99.948262
2019-10-14 14:34:49,479 train 200 8.155558e-02 97.543532 99.953358
2019-10-14 14:37:15,038 train 250 8.013619e-02 97.609562 99.956424
2019-10-14 14:39:38,961 train 300 7.965177e-02 97.560216 99.963663
2019-10-14 14:42:05,104 train 350 7.932157e-02 97.591702 99.964387
2019-10-14 14:44:30,840 train 400 7.722962e-02 97.642612 99.968828
2019-10-14 14:47:04,558 train 450 7.762187e-02 97.619873 99.965355
2019-10-14 14:47:57,988 train_acc (R^2 for regression) 97.643333
2019-10-14 14:47:58,289 train 000 2.097089e-01 90.625000 100.000000
2019-10-14 14:48:06,439 train 050 1.974013e-01 93.780637 99.816176
2019-10-14 14:48:14,585 train 100 2.014650e-01 93.672649 99.752475
2019-10-14 14:48:22,795 train 150 2.011315e-01 93.781043 99.762003
2019-10-14 14:48:30,973 train 200 1.965381e-01 93.952114 99.774565
2019-10-14 14:48:39,165 train 250 2.029800e-01 93.806026 99.750996
2019-10-14 14:48:47,358 train 300 2.053480e-01 93.744809 99.766404
2019-10-14 14:48:55,562 train 350 2.089635e-01 93.576389 99.768519
2019-10-14 14:49:03,742 train 400 2.076326e-01 93.652587 99.781796
2019-10-14 14:49:11,926 train 450 2.053979e-01 93.711890 99.792129
2019-10-14 14:49:14,879 valid_acc (R^2 for regression) 93.673333
2019-10-14 14:49:15,007 epoch 4 lr 2.462300e-02
2019-10-14 14:49:15,008 genotype = Genotype(normal=[('max_pool_3x3', 0), ('max_pool_3x3', 1), ('max_pool_3x3', 1), ('max_pool_3x3', 0), ('max_pool_3x3', 1), ('max_pool_3x3', 0), ('sep_conv_3x3', 3), ('max_pool_3x3', 1)], normal_concat=range(2, 6), reduce=[('sep_conv_5x5', 0), ('sep_conv_5x5', 1), ('max_pool_3x3', 2), ('max_pool_3x3', 0), ('sep_conv_5x5', 3), ('max_pool_3x3', 2), ('max_pool_3x3', 2), ('max_pool_3x3', 0)], reduce_concat=range(2, 6))
2019-10-14 14:49:15,011 
alphas_normal = Variable containing:
 0.1253  0.1310  0.1206  0.1281  0.1231  0.1238  0.1253  0.1228
 0.1272  0.1296  0.1185  0.1238  0.1256  0.1263  0.1249  0.1241
 0.1248  0.1295  0.1210  0.1268  0.1252  0.1246  0.1240  0.1241
 0.1270  0.1307  0.1181  0.1229  0.1236  0.1247  0.1253  0.1278
 0.1263  0.1272  0.1182  0.1238  0.1259  0.1289  0.1254  0.1243
 0.1251  0.1300  0.1224  0.1262  0.1250  0.1237  0.1235  0.1241
 0.1279  0.1313  0.1202  0.1242  0.1249  0.1246  0.1224  0.1245
 0.1260  0.1258  0.1192  0.1232  0.1281  0.1281  0.1246  0.1249
 0.1267  0.1258  0.1200  0.1232  0.1288  0.1264  0.1233  0.1259
 0.1273  0.1281  0.1207  0.1241  0.1270  0.1239  0.1230  0.1259
 0.1286  0.1291  0.1198  0.1245  0.1246  0.1244  0.1249  0.1240
 0.1298  0.1265  0.1201  0.1249  0.1249  0.1245  0.1256  0.1238
 0.1274  0.1245  0.1191  0.1209  0.1299  0.1285  0.1248  0.1249
 0.1310  0.1250  0.1186  0.1207  0.1256  0.1289  0.1266  0.1237
[torch.cuda.FloatTensor of size 14x8 (GPU 1)]

2019-10-14 14:49:15,012 
alphas_reduce = Variable containing:
 0.1232  0.1269  0.1257  0.1257  0.1253  0.1271  0.1231  0.1230
 0.1261  0.1255  0.1251  0.1240  0.1228  0.1259  0.1256  0.1250
 0.1230  0.1282  0.1258  0.1237  0.1265  0.1244  0.1245  0.1241
 0.1250  0.1264  0.1253  0.1263  0.1263  0.1227  0.1250  0.1231
 0.1265  0.1299  0.1210  0.1272  0.1220  0.1261  0.1245  0.1228
 0.1244  0.1281  0.1256  0.1247  0.1248  0.1240  0.1250  0.1234
 0.1257  0.1272  0.1257  0.1258  0.1258  0.1220  0.1256  0.1221
 0.1239  0.1291  0.1195  0.1252  0.1273  0.1243  0.1265  0.1242
 0.1246  0.1264  0.1187  0.1228  0.1244  0.1301  0.1264  0.1266
 0.1238  0.1281  0.1269  0.1243  0.1259  0.1231  0.1255  0.1223
 0.1230  0.1251  0.1249  0.1275  0.1244  0.1251  0.1244  0.1256
 0.1269  0.1297  0.1212  0.1272  0.1236  0.1224  0.1229  0.1261
 0.1273  0.1276  0.1205  0.1257  0.1243  0.1260  0.1252  0.1234
 0.1275  0.1276  0.1217  0.1250  0.1238  0.1240  0.1256  0.1246
[torch.cuda.FloatTensor of size 14x8 (GPU 1)]

2019-10-14 14:49:18,013 train 000 2.306157e-02 100.000000 100.000000
2019-10-14 14:51:41,400 train 050 5.137776e-02 98.468137 100.000000
2019-10-14 14:54:03,242 train 100 5.497716e-02 98.220916 100.000000
2019-10-14 14:56:34,269 train 150 5.846380e-02 98.096026 100.000000
2019-10-14 14:58:57,843 train 200 6.509541e-02 97.939988 99.976679
2019-10-14 15:01:21,609 train 250 6.446130e-02 97.939492 99.981325
2019-10-14 15:03:45,672 train 300 6.509005e-02 97.902824 99.979236
2019-10-14 15:06:12,376 train 350 6.373767e-02 97.916667 99.982194
2019-10-14 15:08:41,778 train 400 6.237923e-02 97.973815 99.980517
2019-10-14 15:11:21,089 train 450 6.249150e-02 97.990576 99.979213
2019-10-14 15:12:16,471 train_acc (R^2 for regression) 97.990000
2019-10-14 15:12:16,768 train 000 2.113434e-01 95.312500 100.000000
2019-10-14 15:12:24,948 train 050 1.035412e-01 96.875000 99.969363
2019-10-14 15:12:33,105 train 100 9.642844e-02 97.091584 99.938119
2019-10-14 15:12:41,264 train 150 9.563962e-02 97.123344 99.937914
2019-10-14 15:12:49,431 train 200 9.613046e-02 97.123756 99.930037
2019-10-14 15:12:57,670 train 250 9.403774e-02 97.180030 99.931524
2019-10-14 15:13:05,867 train 300 9.129764e-02 97.217608 99.942899
2019-10-14 15:13:14,047 train 350 9.239082e-02 97.182158 99.942130
2019-10-14 15:13:22,230 train 400 9.452488e-02 97.139963 99.933759
2019-10-14 15:13:30,413 train 450 9.443100e-02 97.127910 99.923780
2019-10-14 15:13:33,354 valid_acc (R^2 for regression) 97.123333
2019-10-14 15:13:33,482 epoch 5 lr 2.441268e-02
2019-10-14 15:13:33,483 genotype = Genotype(normal=[('max_pool_3x3', 0), ('max_pool_3x3', 1), ('max_pool_3x3', 1), ('sep_conv_5x5', 2), ('max_pool_3x3', 1), ('max_pool_3x3', 0), ('sep_conv_3x3', 3), ('max_pool_3x3', 1)], normal_concat=range(2, 6), reduce=[('max_pool_3x3', 0), ('sep_conv_5x5', 1), ('max_pool_3x3', 2), ('max_pool_3x3', 0), ('sep_conv_5x5', 3), ('max_pool_3x3', 2), ('max_pool_3x3', 2), ('skip_connect', 1)], reduce_concat=range(2, 6))
2019-10-14 15:13:33,485 
alphas_normal = Variable containing:
 0.1253  0.1319  0.1196  0.1286  0.1230  0.1247  0.1248  0.1222
 0.1278  0.1298  0.1171  0.1234  0.1269  0.1265  0.1251  0.1233
 0.1250  0.1295  0.1193  0.1255  0.1273  0.1245  0.1231  0.1259
 0.1289  0.1308  0.1169  0.1225  0.1236  0.1232  0.1262  0.1279
 0.1273  0.1269  0.1165  0.1228  0.1255  0.1296  0.1252  0.1262
 0.1259  0.1305  0.1218  0.1264  0.1261  0.1228  0.1228  0.1237
 0.1286  0.1317  0.1191  0.1234  0.1254  0.1249  0.1218  0.1251
 0.1260  0.1260  0.1179  0.1220  0.1284  0.1294  0.1250  0.1254
 0.1282  0.1262  0.1187  0.1226  0.1290  0.1260  0.1235  0.1257
 0.1282  0.1285  0.1200  0.1243  0.1269  0.1250  0.1217  0.1253
 0.1305  0.1290  0.1180  0.1231  0.1243  0.1245  0.1262  0.1243
 0.1304  0.1262  0.1183  0.1235  0.1260  0.1257  0.1261  0.1237
 0.1286  0.1246  0.1176  0.1199  0.1306  0.1280  0.1250  0.1257
 0.1324  0.1253  0.1174  0.1193  0.1261  0.1286  0.1271  0.1237
[torch.cuda.FloatTensor of size 14x8 (GPU 1)]

2019-10-14 15:13:33,486 
alphas_reduce = Variable containing:
 0.1217  0.1276  0.1268  0.1256  0.1255  0.1265  0.1233  0.1230
 0.1273  0.1251  0.1245  0.1241  0.1218  0.1268  0.1253  0.1252
 0.1222  0.1289  0.1268  0.1223  0.1269  0.1252  0.1236  0.1241
 0.1269  0.1256  0.1243  0.1266  0.1257  0.1221  0.1259  0.1230
 0.1265  0.1295  0.1199  0.1270  0.1221  0.1263  0.1249  0.1237
 0.1225  0.1286  0.1264  0.1235  0.1261  0.1252  0.1245  0.1232
 0.1262  0.1261  0.1247  0.1266  0.1258  0.1228  0.1251  0.1227
 0.1243  0.1295  0.1189  0.1254  0.1267  0.1238  0.1269  0.1244
 0.1247  0.1261  0.1178  0.1225  0.1250  0.1299  0.1260  0.1281
 0.1231  0.1287  0.1280  0.1232  0.1268  0.1225  0.1250  0.1226
 0.1245  0.1249  0.1247  0.1297  0.1230  0.1234  0.1237  0.1260
 0.1262  0.1297  0.1206  0.1268  0.1240  0.1225  0.1236  0.1266
 0.1277  0.1278  0.1207  0.1261  0.1253  0.1247  0.1246  0.1231
 0.1277  0.1285  0.1227  0.1263  0.1229  0.1233  0.1244  0.1242
[torch.cuda.FloatTensor of size 14x8 (GPU 1)]

2019-10-14 15:13:36,518 train 000 2.367632e-02 100.000000 100.000000
2019-10-14 15:16:04,716 train 050 6.222168e-02 97.824755 100.000000
2019-10-14 15:18:32,505 train 100 6.215190e-02 97.896040 99.953589
2019-10-14 15:20:54,110 train 150 5.888805e-02 98.033940 99.958609
2019-10-14 15:23:18,233 train 200 6.014791e-02 97.994403 99.968905
2019-10-14 15:25:44,076 train 250 5.742770e-02 98.082669 99.975100
2019-10-14 15:28:11,020 train 300 5.767445e-02 98.074128 99.974045
2019-10-14 15:30:34,875 train 350 5.961374e-02 98.045762 99.968839
2019-10-14 15:33:03,415 train 400 6.140324e-02 97.969919 99.964931
2019-10-14 15:35:26,337 train 450 6.286508e-02 97.928215 99.965355
2019-10-14 15:36:18,118 train_acc (R^2 for regression) 97.930000
2019-10-14 15:36:18,428 train 000 1.134866e+01 9.375000 67.187500
2019-10-14 15:36:26,592 train 050 1.130741e+01 10.294118 62.837010
2019-10-14 15:36:34,716 train 100 1.142907e+01 10.086634 62.639233
2019-10-14 15:36:42,853 train 150 1.141427e+01 9.778560 62.986341
2019-10-14 15:36:50,978 train 200 1.145074e+01 9.794776 62.943097
2019-10-14 15:36:59,145 train 250 1.142727e+01 9.966384 62.966882
2019-10-14 15:37:07,307 train 300 1.143692e+01 9.961586 62.878945
2019-10-14 15:37:15,470 train 350 1.142453e+01 10.002671 62.865028
2019-10-14 15:37:23,635 train 400 1.141031e+01 10.142612 62.913030
2019-10-14 15:37:31,835 train 450 1.140107e+01 10.151053 63.095898
2019-10-14 15:37:34,762 valid_acc (R^2 for regression) 10.210000
2019-10-14 15:37:34,893 epoch 6 lr 2.415732e-02
2019-10-14 15:37:34,893 genotype = Genotype(normal=[('max_pool_3x3', 0), ('max_pool_3x3', 1), ('max_pool_3x3', 1), ('max_pool_3x3', 0), ('max_pool_3x3', 1), ('max_pool_3x3', 0), ('sep_conv_3x3', 3), ('sep_conv_5x5', 4)], normal_concat=range(2, 6), reduce=[('max_pool_3x3', 0), ('sep_conv_5x5', 1), ('max_pool_3x3', 2), ('max_pool_3x3', 0), ('max_pool_3x3', 2), ('max_pool_3x3', 0), ('max_pool_3x3', 2), ('skip_connect', 1)], reduce_concat=range(2, 6))
2019-10-14 15:37:34,895 
alphas_normal = Variable containing:
 0.1248  0.1331  0.1189  0.1290  0.1243  0.1226  0.1251  0.1222
 0.1295  0.1306  0.1163  0.1235  0.1251  0.1265  0.1256  0.1229
 0.1248  0.1300  0.1180  0.1247  0.1290  0.1253  0.1235  0.1248
 0.1302  0.1313  0.1160  0.1222  0.1241  0.1229  0.1263  0.1270
 0.1291  0.1259  0.1145  0.1222  0.1265  0.1294  0.1257  0.1267
 0.1264  0.1306  0.1211  0.1257  0.1269  0.1225  0.1231  0.1237
 0.1298  0.1320  0.1184  0.1227  0.1259  0.1258  0.1189  0.1266
 0.1273  0.1245  0.1164  0.1213  0.1293  0.1304  0.1256  0.1253
 0.1300  0.1258  0.1176  0.1217  0.1306  0.1270  0.1231  0.1242
 0.1293  0.1283  0.1192  0.1239  0.1276  0.1249  0.1221  0.1246
 0.1319  0.1295  0.1173  0.1229  0.1257  0.1230  0.1258  0.1239
 0.1334  0.1253  0.1167  0.1233  0.1250  0.1262  0.1264  0.1237
 0.1308  0.1243  0.1165  0.1186  0.1308  0.1292  0.1229  0.1268
 0.1338  0.1236  0.1152  0.1174  0.1283  0.1298  0.1295  0.1225
[torch.cuda.FloatTensor of size 14x8 (GPU 1)]

2019-10-14 15:37:34,896 
alphas_reduce = Variable containing:
 0.1205  0.1289  0.1269  0.1253  0.1256  0.1267  0.1236  0.1226
 0.1289  0.1241  0.1234  0.1241  0.1207  0.1272  0.1260  0.1256
 0.1211  0.1302  0.1265  0.1215  0.1266  0.1257  0.1234  0.1249
 0.1288  0.1263  0.1244  0.1258  0.1257  0.1215  0.1253  0.1223
 0.1253  0.1307  0.1188  0.1268  0.1226  0.1269  0.1242  0.1247
 0.1229  0.1297  0.1258  0.1226  0.1266  0.1254  0.1239  0.1232
 0.1271  0.1259  0.1239  0.1275  0.1259  0.1220  0.1254  0.1223
 0.1247  0.1304  0.1173  0.1248  0.1262  0.1231  0.1281  0.1254
 0.1250  0.1261  0.1163  0.1221  0.1272  0.1291  0.1251  0.1292
 0.1222  0.1296  0.1277  0.1214  0.1276  0.1233  0.1250  0.1233
 0.1251  0.1246  0.1242  0.1296  0.1233  0.1218  0.1249  0.1263
 0.1253  0.1307  0.1202  0.1269  0.1222  0.1233  0.1232  0.1281
 0.1278  0.1287  0.1207  0.1269  0.1243  0.1241  0.1238  0.1237
 0.1274  0.1287  0.1218  0.1256  0.1243  0.1229  0.1244  0.1248
[torch.cuda.FloatTensor of size 14x8 (GPU 1)]

2019-10-14 15:37:37,926 train 000 2.866109e-02 98.437500 100.000000
2019-10-14 15:40:01,774 train 050 6.335034e-02 98.008578 99.969363
2019-10-14 15:42:24,532 train 100 5.588980e-02 98.251856 99.984530
2019-10-14 15:44:47,575 train 150 5.087862e-02 98.396109 99.989652
2019-10-14 15:47:17,088 train 200 5.176940e-02 98.367537 99.976679
2019-10-14 15:49:41,262 train 250 5.492482e-02 98.275647 99.981325
2019-10-14 15:52:05,239 train 300 5.521116e-02 98.271387 99.979236
2019-10-14 15:54:29,006 train 350 5.415502e-02 98.281695 99.977742
2019-10-14 15:56:54,017 train 400 5.337851e-02 98.273847 99.980517
2019-10-14 15:59:32,522 train 450 5.333104e-02 98.291990 99.982677
2019-10-14 16:00:27,216 train_acc (R^2 for regression) 98.306667
2019-10-14 16:00:27,516 train 000 3.104543e+00 34.375000 89.062500
2019-10-14 16:00:35,747 train 050 3.063902e+00 45.251225 86.825980
2019-10-14 16:00:43,958 train 100 3.094562e+00 45.049505 87.128713
2019-10-14 16:00:52,233 train 150 3.081929e+00 45.281457 87.168874
2019-10-14 16:01:00,482 train 200 3.048973e+00 45.320274 87.748756
2019-10-14 16:01:08,698 train 250 3.067114e+00 45.393426 87.661853
2019-10-14 16:01:16,929 train 300 3.070130e+00 45.374792 87.640158
2019-10-14 16:01:25,128 train 350 3.069659e+00 45.543981 87.580128
2019-10-14 16:01:33,328 train 400 3.073485e+00 45.468360 87.527276
2019-10-14 16:01:41,542 train 450 3.067863e+00 45.447616 87.565826
2019-10-14 16:01:44,499 valid_acc (R^2 for regression) 45.410000
2019-10-14 16:01:44,689 epoch 7 lr 2.385792e-02
2019-10-14 16:01:44,689 genotype = Genotype(normal=[('max_pool_3x3', 0), ('max_pool_3x3', 1), ('max_pool_3x3', 1), ('sep_conv_3x3', 0), ('max_pool_3x3', 1), ('sep_conv_3x3', 3), ('sep_conv_3x3', 3), ('sep_conv_5x5', 4)], normal_concat=range(2, 6), reduce=[('max_pool_3x3', 0), ('sep_conv_5x5', 1), ('max_pool_3x3', 0), ('max_pool_3x3', 2), ('max_pool_3x3', 0), ('dil_conv_3x3', 2), ('max_pool_3x3', 0), ('skip_connect', 1)], reduce_concat=range(2, 6))
2019-10-14 16:01:44,691 
alphas_normal = Variable containing:
 0.1239  0.1342  0.1184  0.1305  0.1250  0.1221  0.1243  0.1216
 0.1307  0.1320  0.1157  0.1245  0.1257  0.1258  0.1245  0.1212
 0.1262  0.1293  0.1173  0.1259  0.1303  0.1245  0.1229  0.1236
 0.1308  0.1321  0.1154  0.1229  0.1234  0.1230  0.1261  0.1264
 0.1301  0.1249  0.1125  0.1215  0.1271  0.1299  0.1264  0.1277
 0.1261  0.1308  0.1216  0.1264  0.1264  0.1241  0.1221  0.1224
 0.1303  0.1328  0.1181  0.1234  0.1254  0.1252  0.1190  0.1258
 0.1292  0.1239  0.1152  0.1218  0.1305  0.1305  0.1244  0.1245
 0.1324  0.1259  0.1165  0.1220  0.1310  0.1276  0.1216  0.1230
 0.1308  0.1279  0.1193  0.1246  0.1279  0.1244  0.1205  0.1246
 0.1308  0.1307  0.1170  0.1230  0.1263  0.1226  0.1252  0.1244
 0.1354  0.1249  0.1158  0.1237  0.1248  0.1246  0.1275  0.1232
 0.1333  0.1245  0.1154  0.1185  0.1320  0.1284  0.1215  0.1265
 0.1357  0.1223  0.1135  0.1163  0.1298  0.1316  0.1299  0.1209
[torch.cuda.FloatTensor of size 14x8 (GPU 1)]

2019-10-14 16:01:44,693 
alphas_reduce = Variable containing:
 0.1178  0.1315  0.1287  0.1264  0.1244  0.1270  0.1225  0.1218
 0.1314  0.1235  0.1225  0.1249  0.1187  0.1271  0.1252  0.1268
 0.1181  0.1318  0.1281  0.1206  0.1279  0.1262  0.1224  0.1249
 0.1289  0.1255  0.1235  0.1259  0.1266  0.1207  0.1262  0.1226
 0.1266  0.1295  0.1177  0.1278  0.1218  0.1259  0.1245  0.1261
 0.1211  0.1308  0.1266  0.1218  0.1272  0.1246  0.1245  0.1235
 0.1263  0.1253  0.1235  0.1269  0.1257  0.1223  0.1256  0.1244
 0.1262  0.1288  0.1165  0.1260  0.1244  0.1218  0.1295  0.1267
 0.1266  0.1253  0.1165  0.1242  0.1273  0.1278  0.1231  0.1292
 0.1200  0.1316  0.1293  0.1211  0.1275  0.1238  0.1235  0.1231
 0.1260  0.1240  0.1241  0.1310  0.1230  0.1211  0.1247  0.1262
 0.1259  0.1288  0.1190  0.1272  0.1227  0.1246  0.1238  0.1280
 0.1289  0.1283  0.1209  0.1289  0.1236  0.1228  0.1235  0.1231
 0.1301  0.1279  0.1211  0.1260  0.1239  0.1235  0.1230  0.1245
[torch.cuda.FloatTensor of size 14x8 (GPU 1)]

2019-10-14 16:01:47,635 train 000 7.414840e-03 100.000000 100.000000
2019-10-14 16:04:11,431 train 050 4.728664e-02 98.437500 100.000000
2019-10-14 16:06:34,903 train 100 4.917265e-02 98.391089 100.000000
2019-10-14 16:09:04,928 train 150 5.449050e-02 98.251242 99.989652
2019-10-14 16:11:38,107 train 200 5.532527e-02 98.274254 99.976679
2019-10-14 16:14:08,310 train 250 5.299373e-02 98.325448 99.981325
2019-10-14 16:16:34,136 train 300 5.251374e-02 98.338870 99.974045
2019-10-14 16:18:57,896 train 350 5.145478e-02 98.361823 99.977742
2019-10-14 16:21:22,090 train 400 5.276121e-02 98.312812 99.976621
2019-10-14 16:23:45,952 train 450 5.232831e-02 98.333564 99.979213
2019-10-14 16:24:37,918 train_acc (R^2 for regression) 98.330000
2019-10-14 16:24:38,215 train 000 2.680159e+00 50.000000 87.500000
2019-10-14 16:24:46,352 train 050 2.433086e+00 47.212010 90.716912
2019-10-14 16:24:54,496 train 100 2.416563e+00 46.875000 91.166460
2019-10-14 16:25:02,643 train 150 2.411435e+00 47.009520 91.452815
2019-10-14 16:25:10,764 train 200 2.425359e+00 46.999378 91.456779
2019-10-14 16:25:18,885 train 250 2.439584e+00 46.875000 91.384462
2019-10-14 16:25:27,038 train 300 2.425093e+00 47.144934 91.403654
2019-10-14 16:25:35,178 train 350 2.425781e+00 47.186610 91.363960
2019-10-14 16:25:44,787 train 400 2.434732e+00 47.151652 91.197787
2019-10-14 16:25:54,779 train 450 2.431891e+00 47.162555 91.321369
2019-10-14 16:25:58,374 valid_acc (R^2 for regression) 47.130000
2019-10-14 16:25:58,571 epoch 8 lr 2.351568e-02
2019-10-14 16:25:58,572 genotype = Genotype(normal=[('max_pool_3x3', 0), ('max_pool_3x3', 1), ('max_pool_3x3', 1), ('sep_conv_3x3', 0), ('max_pool_3x3', 1), ('max_pool_3x3', 0), ('sep_conv_3x3', 3), ('sep_conv_5x5', 4)], normal_concat=range(2, 6), reduce=[('max_pool_3x3', 0), ('sep_conv_5x5', 1), ('max_pool_3x3', 0), ('max_pool_3x3', 2), ('max_pool_3x3', 0), ('dil_conv_5x5', 3), ('skip_connect', 1), ('max_pool_3x3', 0)], reduce_concat=range(2, 6))
2019-10-14 16:25:58,574 
alphas_normal = Variable containing:
 0.1222  0.1360  0.1186  0.1324  0.1257  0.1217  0.1241  0.1192
 0.1329  0.1312  0.1146  0.1248  0.1250  0.1253  0.1249  0.1213
 0.1260  0.1305  0.1175  0.1277  0.1309  0.1237  0.1220  0.1217
 0.1314  0.1321  0.1148  0.1231  0.1229  0.1235  0.1271  0.1252
 0.1315  0.1247  0.1112  0.1214  0.1274  0.1281  0.1274  0.1285
 0.1268  0.1320  0.1220  0.1284  0.1255  0.1223  0.1217  0.1212
 0.1317  0.1321  0.1175  0.1233  0.1248  0.1264  0.1194  0.1247
 0.1313  0.1235  0.1143  0.1221  0.1312  0.1305  0.1243  0.1227
 0.1347  0.1252  0.1161  0.1224  0.1318  0.1290  0.1196  0.1214
 0.1321  0.1283  0.1195  0.1261  0.1267  0.1234  0.1193  0.1246
 0.1313  0.1305  0.1169  0.1236  0.1278  0.1210  0.1246  0.1243
 0.1364  0.1244  0.1153  0.1241  0.1257  0.1251  0.1268  0.1222
 0.1355  0.1240  0.1151  0.1187  0.1332  0.1271  0.1212  0.1252
 0.1367  0.1203  0.1119  0.1149  0.1317  0.1332  0.1308  0.1204
[torch.cuda.FloatTensor of size 14x8 (GPU 1)]

2019-10-14 16:25:58,576 
alphas_reduce = Variable containing:
 0.1179  0.1340  0.1299  0.1277  0.1233  0.1257  0.1214  0.1201
 0.1312  0.1249  0.1235  0.1240  0.1162  0.1270  0.1264  0.1267
 0.1172  0.1334  0.1288  0.1193  0.1294  0.1258  0.1223  0.1237
 0.1290  0.1256  0.1229  0.1268  0.1261  0.1205  0.1260  0.1231
 0.1266  0.1295  0.1170  0.1272  0.1219  0.1267  0.1244  0.1268
 0.1211  0.1319  0.1265  0.1225  0.1268  0.1241  0.1232  0.1239
 0.1266  0.1259  0.1242  0.1282  0.1238  0.1219  0.1257  0.1237
 0.1274  0.1289  0.1157  0.1266  0.1232  0.1221  0.1291  0.1271
 0.1269  0.1251  0.1158  0.1249  0.1257  0.1295  0.1227  0.1295
 0.1190  0.1321  0.1289  0.1208  0.1283  0.1243  0.1238  0.1228
 0.1264  0.1239  0.1243  0.1325  0.1226  0.1206  0.1239  0.1257
 0.1261  0.1280  0.1179  0.1268  0.1238  0.1256  0.1232  0.1287
 0.1279  0.1275  0.1202  0.1290  0.1249  0.1241  0.1225  0.1239
 0.1310  0.1272  0.1209  0.1261  0.1240  0.1219  0.1232  0.1257
[torch.cuda.FloatTensor of size 14x8 (GPU 1)]

2019-10-14 16:26:01,818 train 000 9.563051e-02 96.875000 100.000000
2019-10-14 16:28:29,696 train 050 4.484798e-02 98.651961 99.969363
2019-10-14 16:31:00,760 train 100 4.717733e-02 98.375619 99.984530
2019-10-14 16:33:23,999 train 150 5.123530e-02 98.427152 99.989652
2019-10-14 16:35:56,128 train 200 5.256442e-02 98.375311 99.984453
2019-10-14 16:38:22,009 train 250 4.942771e-02 98.493526 99.987550
2019-10-14 16:40:56,213 train 300 4.827892e-02 98.504983 99.989618
2019-10-14 16:43:19,542 train 350 4.826847e-02 98.495370 99.991097
2019-10-14 16:45:46,446 train 400 4.857385e-02 98.476465 99.992207
2019-10-14 16:48:10,858 train 450 4.817452e-02 98.479074 99.993071
2019-10-14 16:49:06,561 train_acc (R^2 for regression) 98.460000
2019-10-14 16:49:06,885 train 000 3.964562e-02 98.437500 100.000000
2019-10-14 16:49:16,895 train 050 7.277852e-02 97.732843 100.000000
2019-10-14 16:49:26,110 train 100 7.002534e-02 97.772277 99.953589
2019-10-14 16:49:34,338 train 150 6.445339e-02 98.075331 99.937914
2019-10-14 16:49:42,542 train 200 6.471644e-02 98.079913 99.953358
2019-10-14 16:49:50,739 train 250 6.470652e-02 98.051544 99.937749
2019-10-14 16:49:59,014 train 300 6.478527e-02 98.027409 99.942899
2019-10-14 16:50:07,231 train 350 6.424197e-02 98.023504 99.951033
2019-10-14 16:50:15,448 train 400 6.551844e-02 97.958229 99.957138
2019-10-14 16:50:23,647 train 450 6.533373e-02 97.966325 99.951497
2019-10-14 16:50:26,596 valid_acc (R^2 for regression) 97.960000
2019-10-14 16:50:26,728 epoch 9 lr 2.313194e-02
2019-10-14 16:50:26,729 genotype = Genotype(normal=[('max_pool_3x3', 0), ('max_pool_3x3', 1), ('max_pool_3x3', 1), ('max_pool_3x3', 0), ('max_pool_3x3', 0), ('max_pool_3x3', 1), ('sep_conv_3x3', 3), ('sep_conv_5x5', 4)], normal_concat=range(2, 6), reduce=[('max_pool_3x3', 0), ('dil_conv_5x5', 1), ('max_pool_3x3', 0), ('max_pool_3x3', 2), ('max_pool_3x3', 0), ('dil_conv_5x5', 3), ('skip_connect', 1), ('max_pool_3x3', 0)], reduce_concat=range(2, 6))
2019-10-14 16:50:26,730 
alphas_normal = Variable containing:
 0.1207  0.1377  0.1193  0.1344  0.1250  0.1221  0.1228  0.1180
 0.1344  0.1317  0.1139  0.1254  0.1257  0.1240  0.1245  0.1205
 0.1246  0.1318  0.1177  0.1287  0.1303  0.1241  0.1208  0.1220
 0.1327  0.1322  0.1142  0.1235  0.1225  0.1231  0.1278  0.1239
 0.1315  0.1243  0.1100  0.1209  0.1280  0.1286  0.1279  0.1288
 0.1256  0.1340  0.1230  0.1304  0.1244  0.1219  0.1200  0.1207
 0.1324  0.1332  0.1174  0.1239  0.1236  0.1264  0.1204  0.1228
 0.1319  0.1231  0.1137  0.1224  0.1330  0.1295  0.1246  0.1220
 0.1359  0.1250  0.1159  0.1235  0.1317  0.1281  0.1189  0.1209
 0.1313  0.1287  0.1200  0.1274  0.1274  0.1225  0.1193  0.1235
 0.1318  0.1304  0.1170  0.1244  0.1272  0.1207  0.1239  0.1246
 0.1369  0.1234  0.1146  0.1238  0.1276  0.1251  0.1270  0.1216
 0.1370  0.1230  0.1150  0.1193  0.1331  0.1275  0.1223  0.1228
 0.1392  0.1190  0.1112  0.1143  0.1314  0.1324  0.1308  0.1219
[torch.cuda.FloatTensor of size 14x8 (GPU 1)]

2019-10-14 16:50:26,732 
alphas_reduce = Variable containing:
 0.1171  0.1338  0.1306  0.1285  0.1233  0.1258  0.1216  0.1192
 0.1320  0.1237  0.1222  0.1243  0.1150  0.1275  0.1272  0.1281
 0.1160  0.1329  0.1293  0.1183  0.1307  0.1258  0.1225  0.1244
 0.1300  0.1248  0.1221  0.1283  0.1256  0.1190  0.1260  0.1243
 0.1277  0.1295  0.1174  0.1286  0.1221  0.1252  0.1222  0.1273
 0.1201  0.1305  0.1265  0.1232  0.1272  0.1245  0.1237  0.1243
 0.1264  0.1247  0.1232  0.1302  0.1232  0.1229  0.1255  0.1240
 0.1280  0.1275  0.1149  0.1264  0.1213  0.1238  0.1301  0.1281
 0.1274  0.1234  0.1151  0.1247  0.1260  0.1291  0.1239  0.1304
 0.1172  0.1318  0.1302  0.1209  0.1297  0.1243  0.1235  0.1223
 0.1274  0.1231  0.1241  0.1331  0.1216  0.1188  0.1257  0.1261
 0.1262  0.1271  0.1179  0.1270  0.1242  0.1257  0.1233  0.1287
 0.1286  0.1258  0.1199  0.1295  0.1248  0.1243  0.1220  0.1252
 0.1310  0.1271  0.1212  0.1268  0.1235  0.1214  0.1228  0.1262
[torch.cuda.FloatTensor of size 14x8 (GPU 1)]

2019-10-14 16:50:29,905 train 000 6.372134e-02 96.875000 100.000000
2019-10-14 16:52:57,546 train 050 4.777596e-02 98.682598 99.969363
2019-10-14 16:55:25,096 train 100 4.879593e-02 98.576733 99.938119
2019-10-14 16:57:53,355 train 150 4.958030e-02 98.530629 99.958609
2019-10-14 17:00:19,628 train 200 5.025420e-02 98.453047 99.968905
2019-10-14 17:02:42,657 train 250 4.825660e-02 98.499751 99.975100
2019-10-14 17:05:05,913 train 300 4.831108e-02 98.484219 99.979236
2019-10-14 17:07:34,019 train 350 4.676782e-02 98.548789 99.977742
2019-10-14 17:10:05,642 train 400 4.682957e-02 98.546602 99.976621
2019-10-14 17:12:29,662 train 450 4.751021e-02 98.524113 99.979213
2019-10-14 17:13:23,791 train_acc (R^2 for regression) 98.546667
2019-10-14 17:13:24,098 train 000 5.732009e-01 81.250000 98.437500
2019-10-14 17:13:32,288 train 050 6.800440e-01 79.136029 98.284314
2019-10-14 17:13:40,478 train 100 6.853047e-01 79.532797 98.004332
2019-10-14 17:13:48,629 train 150 6.814811e-01 79.542632 98.054636
2019-10-14 17:13:56,796 train 200 6.896195e-01 79.182214 98.033271
