2019-10-14 13:07:33,865 gpu device = 2
2019-10-14 13:07:33,866 args = Namespace(arch_learning_rate=0.0003, arch_weight_decay=0.001, batch_size=64, cutout=False, cutout_length=16, data='../data', dataset='mnist', drop_path_prob=0.3, epochs=50, gpu=2, grad_clip=5, init_channels=16, layers=8, learning_rate=0.025, learning_rate_min=0.001, model_path='saved_models', momentum=0.9, report_freq=50, save='search-MNIST-20191014-130733', seed=2, train_portion=0.5, unrolled=True, weight_decay=0.0003)
2019-10-14 13:07:37,838 param size = 1.929754MB
2019-10-14 13:07:37,852 epoch 0 lr 2.500000e-02
2019-10-14 13:07:37,853 genotype = Genotype(normal=[('sep_conv_5x5', 1), ('skip_connect', 0), ('max_pool_3x3', 2), ('sep_conv_3x3', 1), ('avg_pool_3x3', 1), ('max_pool_3x3', 2), ('dil_conv_5x5', 1), ('sep_conv_5x5', 0)], normal_concat=range(2, 6), reduce=[('skip_connect', 0), ('dil_conv_3x3', 1), ('sep_conv_5x5', 1), ('sep_conv_5x5', 0), ('skip_connect', 1), ('skip_connect', 3), ('dil_conv_5x5', 0), ('dil_conv_5x5', 2)], reduce_concat=range(2, 6))
2019-10-14 13:07:37,856 
alphas_normal = Variable containing:
 0.1250  0.1250  0.1251  0.1252  0.1249  0.1249  0.1251  0.1249
 0.1250  0.1250  0.1250  0.1249  0.1250  0.1252  0.1251  0.1248
 0.1250  0.1250  0.1250  0.1250  0.1250  0.1251  0.1249  0.1251
 0.1252  0.1249  0.1250  0.1249  0.1251  0.1249  0.1250  0.1250
 0.1249  0.1252  0.1248  0.1250  0.1250  0.1249  0.1252  0.1249
 0.1249  0.1251  0.1250  0.1249  0.1251  0.1251  0.1251  0.1249
 0.1250  0.1250  0.1252  0.1249  0.1251  0.1250  0.1250  0.1248
 0.1250  0.1252  0.1250  0.1250  0.1248  0.1249  0.1249  0.1252
 0.1252  0.1251  0.1252  0.1247  0.1251  0.1251  0.1248  0.1248
 0.1251  0.1249  0.1248  0.1248  0.1250  0.1252  0.1250  0.1251
 0.1250  0.1249  0.1251  0.1251  0.1249  0.1250  0.1249  0.1252
 0.1249  0.1249  0.1251  0.1250  0.1250  0.1250  0.1251  0.1251
 0.1250  0.1250  0.1250  0.1251  0.1251  0.1249  0.1251  0.1248
 0.1251  0.1249  0.1250  0.1250  0.1251  0.1248  0.1251  0.1250
[torch.cuda.FloatTensor of size 14x8 (GPU 2)]

2019-10-14 13:07:37,857 
alphas_reduce = Variable containing:
 0.1249  0.1251  0.1251  0.1252  0.1250  0.1247  0.1250  0.1250
 0.1250  0.1249  0.1251  0.1248  0.1251  0.1249  0.1251  0.1251
 0.1250  0.1251  0.1249  0.1250  0.1249  0.1251  0.1251  0.1249
 0.1248  0.1251  0.1251  0.1251  0.1251  0.1251  0.1249  0.1248
 0.1252  0.1250  0.1250  0.1250  0.1249  0.1248  0.1250  0.1249
 0.1249  0.1251  0.1252  0.1249  0.1250  0.1249  0.1250  0.1249
 0.1249  0.1249  0.1248  0.1253  0.1250  0.1250  0.1250  0.1251
 0.1250  0.1252  0.1248  0.1250  0.1250  0.1251  0.1249  0.1249
 0.1248  0.1250  0.1250  0.1252  0.1249  0.1252  0.1249  0.1250
 0.1251  0.1250  0.1252  0.1250  0.1250  0.1248  0.1248  0.1252
 0.1250  0.1249  0.1250  0.1250  0.1251  0.1250  0.1250  0.1250
 0.1250  0.1249  0.1251  0.1251  0.1251  0.1250  0.1247  0.1252
 0.1253  0.1248  0.1251  0.1250  0.1248  0.1250  0.1251  0.1249
 0.1250  0.1250  0.1252  0.1249  0.1250  0.1251  0.1250  0.1248
[torch.cuda.FloatTensor of size 14x8 (GPU 2)]

2019-10-14 13:07:51,972 train 000 2.298544e+00 12.500000 51.562500
2019-10-14 13:10:27,129 train 050 1.265193e+00 55.851716 91.421569
2019-10-14 13:13:07,208 train 100 9.288912e-01 67.821782 95.188738
2019-10-14 13:15:47,890 train 150 7.474015e-01 74.389487 96.637003
2019-10-14 13:18:29,238 train 200 6.294828e-01 78.630286 97.372512
2019-10-14 13:21:09,476 train 250 5.522945e-01 81.231325 97.858566
2019-10-14 13:23:50,701 train 300 4.964205e-01 83.232973 98.172757
2019-10-14 13:26:32,693 train 350 4.486629e-01 84.882479 98.415242
2019-10-14 13:29:06,594 train 400 4.127056e-01 86.147911 98.585567
2019-10-14 13:31:30,279 train 450 3.850411e-01 87.146619 98.725055
2019-10-14 13:32:25,053 train_acc (R^2 for regression) 87.466667
2019-10-14 13:32:25,368 train 000 3.550439e+00 34.375000 67.187500
2019-10-14 13:32:33,515 train 050 3.759618e+00 32.414216 62.377451
2019-10-14 13:32:41,651 train 100 3.755289e+00 32.441213 62.144183
2019-10-14 13:32:49,834 train 150 3.770972e+00 32.357202 61.713576
2019-10-14 13:32:57,940 train 200 3.760899e+00 32.175062 61.878109
2019-10-14 13:33:06,083 train 250 3.766125e+00 32.227341 61.877490
2019-10-14 13:33:14,243 train 300 3.757729e+00 32.262251 62.069145
2019-10-14 13:33:22,432 train 350 3.758410e+00 32.198184 62.094907
2019-10-14 13:33:30,590 train 400 3.759669e+00 32.177369 61.985661
2019-10-14 13:33:38,764 train 450 3.764152e+00 32.143847 61.924889
2019-10-14 13:33:41,676 valid_acc (R^2 for regression) 32.123333
2019-10-14 13:33:41,810 epoch 1 lr 2.497632e-02
2019-10-14 13:33:41,810 genotype = Genotype(normal=[('max_pool_3x3', 0), ('max_pool_3x3', 1), ('max_pool_3x3', 0), ('max_pool_3x3', 1), ('max_pool_3x3', 0), ('max_pool_3x3', 1), ('max_pool_3x3', 0), ('max_pool_3x3', 1)], normal_concat=range(2, 6), reduce=[('max_pool_3x3', 0), ('max_pool_3x3', 1), ('sep_conv_3x3', 1), ('max_pool_3x3', 0), ('max_pool_3x3', 1), ('max_pool_3x3', 2), ('max_pool_3x3', 4), ('sep_conv_5x5', 0)], reduce_concat=range(2, 6))
2019-10-14 13:33:41,812 
alphas_normal = Variable containing:
 0.1242  0.1291  0.1243  0.1262  0.1244  0.1230  0.1239  0.1248
 0.1265  0.1281  0.1231  0.1246  0.1242  0.1244  0.1251  0.1239
 0.1239  0.1284  0.1242  0.1251  0.1245  0.1257  0.1243  0.1239
 0.1268  0.1272  0.1225  0.1236  0.1262  0.1244  0.1256  0.1237
 0.1254  0.1263  0.1237  0.1246  0.1247  0.1267  0.1240  0.1245
 0.1237  0.1293  0.1245  0.1255  0.1244  0.1251  0.1239  0.1235
 0.1262  0.1281  0.1244  0.1254  0.1243  0.1241  0.1244  0.1230
 0.1260  0.1268  0.1252  0.1262  0.1245  0.1224  0.1246  0.1243
 0.1258  0.1266  0.1255  0.1257  0.1257  0.1233  0.1240  0.1235
 0.1244  0.1279  0.1247  0.1258  0.1243  0.1243  0.1240  0.1247
 0.1261  0.1268  0.1237  0.1245  0.1250  0.1245  0.1243  0.1253
 0.1264  0.1265  0.1245  0.1251  0.1256  0.1234  0.1251  0.1235
 0.1256  0.1261  0.1242  0.1250  0.1250  0.1250  0.1244  0.1246
 0.1268  0.1254  0.1238  0.1243  0.1255  0.1245  0.1250  0.1247
[torch.cuda.FloatTensor of size 14x8 (GPU 2)]

2019-10-14 13:33:41,813 
alphas_reduce = Variable containing:
 0.1249  0.1266  0.1254  0.1251  0.1242  0.1237  0.1254  0.1246
 0.1248  0.1266  0.1255  0.1250  0.1250  0.1242  0.1239  0.1251
 0.1246  0.1262  0.1248  0.1250  0.1245  0.1254  0.1246  0.1250
 0.1245  0.1258  0.1247  0.1244  0.1269  0.1243  0.1251  0.1243
 0.1260  0.1250  0.1223  0.1246  0.1257  0.1255  0.1249  0.1261
 0.1239  0.1264  0.1255  0.1250  0.1238  0.1252  0.1254  0.1250
 0.1246  0.1266  0.1252  0.1248  0.1260  0.1250  0.1238  0.1241
 0.1260  0.1265  0.1232  0.1259  0.1249  0.1241  0.1239  0.1255
 0.1247  0.1265  0.1240  0.1256  0.1248  0.1252  0.1244  0.1249
 0.1237  0.1254  0.1250  0.1253  0.1246  0.1265  0.1254  0.1242
 0.1250  0.1256  0.1251  0.1251  0.1252  0.1247  0.1251  0.1242
 0.1256  0.1257  0.1237  0.1258  0.1248  0.1252  0.1244  0.1248
 0.1252  0.1261  0.1239  0.1252  0.1246  0.1249  0.1256  0.1246
 0.1264  0.1269  0.1242  0.1251  0.1246  0.1240  0.1244  0.1244
[torch.cuda.FloatTensor of size 14x8 (GPU 2)]

2019-10-14 13:33:44,845 train 000 9.828325e-02 95.312500 100.000000
2019-10-14 13:36:08,940 train 050 1.082006e-01 96.415441 99.908088
2019-10-14 13:38:33,220 train 100 1.345722e-01 95.776609 99.876238
2019-10-14 13:40:57,344 train 150 1.353805e-01 95.778146 99.865480
2019-10-14 13:43:19,822 train 200 1.261583e-01 96.027674 99.891169
2019-10-14 13:45:43,949 train 250 1.252394e-01 96.078187 99.900398
2019-10-14 13:48:08,143 train 300 1.239608e-01 96.179402 99.896179
2019-10-14 13:50:32,686 train 350 1.206206e-01 96.242877 99.902066
2019-10-14 13:52:56,776 train 400 1.169933e-01 96.395729 99.898691
2019-10-14 13:55:20,628 train 450 1.149284e-01 96.455793 99.899529
2019-10-14 13:56:12,429 train_acc (R^2 for regression) 96.450000
2019-10-14 13:56:12,735 train 000 1.040404e+01 14.062500 60.937500
2019-10-14 13:56:20,833 train 050 1.071250e+01 10.171569 61.764706
2019-10-14 13:56:28,904 train 100 1.064381e+01 9.931931 61.772896
2019-10-14 13:56:36,996 train 150 1.064498e+01 10.254553 61.465232
2019-10-14 13:56:45,065 train 200 1.063291e+01 10.160137 61.263993
2019-10-14 13:56:53,189 train 250 1.064012e+01 9.916584 61.416833
2019-10-14 13:57:01,323 train 300 1.061422e+01 9.935631 61.757683
2019-10-14 13:57:09,435 train 350 1.061721e+01 9.900285 61.698718
2019-10-14 13:57:17,555 train 400 1.063372e+01 9.901029 61.521976
2019-10-14 13:57:25,660 train 450 1.062558e+01 9.936253 61.620011
2019-10-14 13:57:28,561 valid_acc (R^2 for regression) 9.920000
2019-10-14 13:57:28,758 epoch 2 lr 2.490538e-02
2019-10-14 13:57:28,758 genotype = Genotype(normal=[('max_pool_3x3', 0), ('max_pool_3x3', 1), ('max_pool_3x3', 0), ('sep_conv_5x5', 2), ('max_pool_3x3', 0), ('max_pool_3x3', 1), ('max_pool_3x3', 0), ('max_pool_3x3', 1)], normal_concat=range(2, 6), reduce=[('max_pool_3x3', 0), ('max_pool_3x3', 1), ('sep_conv_3x3', 1), ('sep_conv_5x5', 2), ('max_pool_3x3', 3), ('max_pool_3x3', 2), ('max_pool_3x3', 4), ('max_pool_3x3', 3)], reduce_concat=range(2, 6))
2019-10-14 13:57:28,760 
alphas_normal = Variable containing:
 0.1248  0.1307  0.1242  0.1270  0.1238  0.1217  0.1233  0.1245
 0.1262  0.1283  0.1220  0.1247  0.1242  0.1245  0.1263  0.1236
 0.1236  0.1295  0.1237  0.1254  0.1239  0.1258  0.1250  0.1231
 0.1281  0.1282  0.1221  0.1247  0.1253  0.1234  0.1259  0.1224
 0.1237  0.1263  0.1230  0.1241  0.1257  0.1293  0.1236  0.1243
 0.1240  0.1309  0.1236  0.1252  0.1246  0.1250  0.1237  0.1230
 0.1260  0.1290  0.1240  0.1263  0.1240  0.1244  0.1236  0.1228
 0.1263  0.1272  0.1251  0.1269  0.1243  0.1222  0.1240  0.1240
 0.1260  0.1266  0.1250  0.1259  0.1266  0.1236  0.1236  0.1227
 0.1251  0.1297  0.1237  0.1258  0.1248  0.1234  0.1244  0.1231
 0.1264  0.1278  0.1230  0.1250  0.1253  0.1234  0.1235  0.1255
 0.1266  0.1271  0.1242  0.1259  0.1257  0.1226  0.1247  0.1232
 0.1260  0.1262  0.1236  0.1251  0.1255  0.1241  0.1236  0.1259
 0.1274  0.1253  0.1228  0.1244  0.1243  0.1261  0.1256  0.1242
[torch.cuda.FloatTensor of size 14x8 (GPU 2)]

2019-10-14 13:57:28,761 
alphas_reduce = Variable containing:
 0.1239  0.1268  0.1250  0.1249  0.1247  0.1243  0.1253  0.1252
 0.1261  0.1265  0.1244  0.1249  0.1251  0.1241  0.1242  0.1247
 0.1252  0.1264  0.1244  0.1253  0.1230  0.1262  0.1253  0.1243
 0.1246  0.1254  0.1235  0.1254  0.1276  0.1239  0.1248  0.1247
 0.1262  0.1252  0.1207  0.1238  0.1263  0.1267  0.1249  0.1262
 0.1243  0.1257  0.1245  0.1243  0.1239  0.1257  0.1259  0.1257
 0.1246  0.1265  0.1241  0.1252  0.1267  0.1245  0.1251  0.1234
 0.1256  0.1268  0.1214  0.1246  0.1246  0.1258  0.1246  0.1266
 0.1247  0.1268  0.1223  0.1246  0.1245  0.1256  0.1253  0.1262
 0.1245  0.1263  0.1254  0.1255  0.1242  0.1257  0.1251  0.1233
 0.1265  0.1259  0.1249  0.1246  0.1253  0.1244  0.1244  0.1239
 0.1251  0.1265  0.1225  0.1249  0.1252  0.1258  0.1244  0.1254
 0.1247  0.1271  0.1228  0.1244  0.1248  0.1260  0.1252  0.1250
 0.1250  0.1273  0.1228  0.1244  0.1243  0.1245  0.1248  0.1270
[torch.cuda.FloatTensor of size 14x8 (GPU 2)]

2019-10-14 13:57:31,754 train 000 9.293702e-02 96.875000 100.000000
2019-10-14 13:59:55,522 train 050 8.430797e-02 97.457108 99.908088
2019-10-14 14:02:20,088 train 100 8.837137e-02 97.478342 99.938119
2019-10-14 14:04:44,154 train 150 9.992502e-02 97.061258 99.917219
2019-10-14 14:07:07,012 train 200 9.725773e-02 97.038246 99.937811
2019-10-14 14:09:30,552 train 250 9.377755e-02 97.124004 99.943974
2019-10-14 14:11:54,653 train 300 9.250510e-02 97.139743 99.948090
2019-10-14 14:14:17,348 train 350 8.984227e-02 97.182158 99.946581
2019-10-14 14:16:40,419 train 400 8.709263e-02 97.276340 99.953242
2019-10-14 14:19:04,949 train 450 8.703710e-02 97.290743 99.954961
2019-10-14 14:19:56,843 train_acc (R^2 for regression) 97.260000
2019-10-14 14:19:57,154 train 000 1.546318e-01 95.312500 100.000000
2019-10-14 14:20:05,266 train 050 9.286096e-02 97.028186 99.969363
2019-10-14 14:20:13,422 train 100 1.010573e-01 96.921411 99.938119
2019-10-14 14:20:21,570 train 150 1.000847e-01 96.906043 99.948262
2019-10-14 14:20:29,711 train 200 1.049757e-01 96.750622 99.930037
2019-10-14 14:20:37,848 train 250 1.041303e-01 96.769173 99.931524
2019-10-14 14:20:45,992 train 300 1.061337e-01 96.708887 99.922135
2019-10-14 14:20:54,148 train 350 1.057659e-01 96.701389 99.933226
2019-10-14 14:21:02,270 train 400 1.057907e-01 96.691864 99.937656
2019-10-14 14:21:10,378 train 450 1.068952e-01 96.684451 99.930710
2019-10-14 14:21:13,295 valid_acc (R^2 for regression) 96.700000
2019-10-14 14:21:13,423 epoch 3 lr 2.478745e-02
2019-10-14 14:21:13,424 genotype = Genotype(normal=[('max_pool_3x3', 0), ('max_pool_3x3', 1), ('max_pool_3x3', 0), ('sep_conv_5x5', 2), ('max_pool_3x3', 0), ('max_pool_3x3', 1), ('max_pool_3x3', 0), ('max_pool_3x3', 1)], normal_concat=range(2, 6), reduce=[('max_pool_3x3', 0), ('max_pool_3x3', 1), ('sep_conv_3x3', 1), ('max_pool_3x3', 0), ('sep_conv_3x3', 1), ('dil_conv_5x5', 3), ('max_pool_3x3', 3), ('max_pool_3x3', 4)], reduce_concat=range(2, 6))
2019-10-14 14:21:13,426 
alphas_normal = Variable containing:
 0.1242  0.1330  0.1240  0.1277  0.1234  0.1205  0.1226  0.1247
 0.1273  0.1299  0.1199  0.1244  0.1237  0.1245  0.1270  0.1233
 0.1234  0.1314  0.1240  0.1264  0.1235  0.1261  0.1231  0.1221
 0.1287  0.1287  0.1200  0.1240  0.1255  0.1242  0.1266  0.1224
 0.1240  0.1266  0.1218  0.1239  0.1254  0.1302  0.1244  0.1236
 0.1239  0.1329  0.1231  0.1259  0.1248  0.1244  0.1230  0.1221
 0.1273  0.1308  0.1231  0.1269  0.1238  0.1237  0.1229  0.1214
 0.1259  0.1279  0.1241  0.1267  0.1241  0.1239  0.1231  0.1243
 0.1261  0.1268  0.1244  0.1260  0.1270  0.1239  0.1233  0.1226
 0.1261  0.1311  0.1226  0.1257  0.1263  0.1236  0.1236  0.1210
 0.1285  0.1281  0.1212  0.1243  0.1258  0.1226  0.1249  0.1246
 0.1284  0.1269  0.1223  0.1252  0.1256  0.1242  0.1247  0.1227
 0.1268  0.1249  0.1213  0.1231  0.1269  0.1252  0.1250  0.1270
 0.1295  0.1246  0.1205  0.1227  0.1251  0.1268  0.1268  0.1238
[torch.cuda.FloatTensor of size 14x8 (GPU 2)]

2019-10-14 14:21:13,427 
alphas_reduce = Variable containing:
 0.1234  0.1284  0.1258  0.1244  0.1249  0.1236  0.1252  0.1244
 0.1260  0.1265  0.1238  0.1250  0.1251  0.1252  0.1242  0.1241
 0.1243  0.1276  0.1249  0.1245  0.1224  0.1270  0.1264  0.1228
 0.1252  0.1259  0.1233  0.1259  0.1277  0.1240  0.1235  0.1244
 0.1269  0.1254  0.1194  0.1241  0.1264  0.1274  0.1245  0.1259
 0.1232  0.1265  0.1248  0.1242  0.1252  0.1250  0.1257  0.1254
 0.1249  0.1270  0.1241  0.1251  0.1273  0.1248  0.1244  0.1225
 0.1266  0.1269  0.1207  0.1256  0.1236  0.1248  0.1246  0.1271
 0.1258  0.1263  0.1209  0.1242  0.1246  0.1253  0.1256  0.1273
 0.1222  0.1271  0.1259  0.1262  0.1251  0.1241  0.1263  0.1232
 0.1258  0.1258  0.1242  0.1246  0.1256  0.1247  0.1259  0.1234
 0.1259  0.1273  0.1225  0.1257  0.1248  0.1251  0.1239  0.1250
 0.1256  0.1278  0.1228  0.1253  0.1247  0.1253  0.1242  0.1242
 0.1261  0.1274  0.1219  0.1242  0.1230  0.1255  0.1245  0.1273
[torch.cuda.FloatTensor of size 14x8 (GPU 2)]

2019-10-14 14:21:16,487 train 000 9.599008e-02 96.875000 100.000000
2019-10-14 14:23:40,918 train 050 9.737088e-02 96.997549 99.969363
2019-10-14 14:26:04,637 train 100 8.491827e-02 97.416460 99.984530
2019-10-14 14:28:28,244 train 150 8.016995e-02 97.485513 99.968957
2019-10-14 14:30:50,551 train 200 7.848891e-02 97.605721 99.976679
2019-10-14 14:33:13,224 train 250 7.611009e-02 97.671813 99.981325
2019-10-14 14:35:35,020 train 300 7.527062e-02 97.643272 99.979236
2019-10-14 14:37:56,856 train 350 7.621401e-02 97.631766 99.968839
2019-10-14 14:40:20,577 train 400 7.411761e-02 97.693267 99.972724
2019-10-14 14:42:44,612 train 450 7.421515e-02 97.699557 99.968819
2019-10-14 14:43:36,146 train_acc (R^2 for regression) 97.723333
2019-10-14 14:43:36,452 train 000 9.287368e-01 67.187500 100.000000
2019-10-14 14:43:44,698 train 050 1.036930e+00 64.920343 98.560049
2019-10-14 14:43:52,961 train 100 1.030560e+00 64.108911 98.576733
2019-10-14 14:44:01,203 train 150 1.031980e+00 63.990066 98.685844
2019-10-14 14:44:09,441 train 200 1.024665e+00 64.490050 98.678483
2019-10-14 14:44:17,627 train 250 1.032687e+00 64.504482 98.705179
2019-10-14 14:44:25,662 train 300 1.038316e+00 64.457018 98.697051
2019-10-14 14:44:33,733 train 350 1.038701e+00 64.503205 98.655627
2019-10-14 14:44:41,835 train 400 1.032329e+00 64.724906 98.651808
2019-10-14 14:44:49,900 train 450 1.027045e+00 64.911308 98.690410
2019-10-14 14:44:52,799 valid_acc (R^2 for regression) 64.873333
2019-10-14 14:44:52,928 epoch 4 lr 2.462300e-02
2019-10-14 14:44:52,929 genotype = Genotype(normal=[('max_pool_3x3', 0), ('max_pool_3x3', 1), ('max_pool_3x3', 0), ('sep_conv_5x5', 2), ('max_pool_3x3', 0), ('max_pool_3x3', 1), ('max_pool_3x3', 0), ('sep_conv_5x5', 4)], normal_concat=range(2, 6), reduce=[('max_pool_3x3', 0), ('max_pool_3x3', 1), ('sep_conv_3x3', 1), ('sep_conv_5x5', 2), ('sep_conv_3x3', 1), ('dil_conv_5x5', 3), ('dil_conv_5x5', 4), ('max_pool_3x3', 3)], reduce_concat=range(2, 6))
2019-10-14 14:44:52,930 
alphas_normal = Variable containing:
 0.1227  0.1355  0.1245  0.1288  0.1209  0.1213  0.1226  0.1238
 0.1293  0.1307  0.1191  0.1244  0.1237  0.1233  0.1261  0.1235
 0.1230  0.1339  0.1243  0.1271  0.1224  0.1257  0.1221  0.1213
 0.1296  0.1281  0.1182  0.1227  0.1262  0.1252  0.1277  0.1223
 0.1262  0.1268  0.1208  0.1244  0.1246  0.1298  0.1251  0.1222
 0.1231  0.1347  0.1231  0.1259  0.1240  0.1246  0.1230  0.1217
 0.1287  0.1304  0.1219  0.1265  0.1244  0.1236  0.1228  0.1217
 0.1258  0.1273  0.1226  0.1254  0.1248  0.1261  0.1237  0.1243
 0.1264  0.1255  0.1224  0.1245  0.1281  0.1259  0.1241  0.1232
 0.1255  0.1332  0.1224  0.1253  0.1265  0.1230  0.1236  0.1206
 0.1302  0.1273  0.1200  0.1240  0.1258  0.1233  0.1255  0.1240
 0.1299  0.1267  0.1211  0.1251  0.1258  0.1240  0.1241  0.1233
 0.1276  0.1234  0.1191  0.1217  0.1279  0.1262  0.1264  0.1276
 0.1299  0.1243  0.1194  0.1221  0.1254  0.1285  0.1260  0.1244
[torch.cuda.FloatTensor of size 14x8 (GPU 2)]

2019-10-14 14:44:52,932 
alphas_reduce = Variable containing:
 0.1245  0.1291  0.1266  0.1234  0.1248  0.1221  0.1257  0.1238
 0.1253  0.1275  0.1248  0.1243  0.1251  0.1254  0.1235  0.1240
 0.1247  0.1268  0.1245  0.1245  0.1224  0.1277  0.1269  0.1225
 0.1241  0.1254  0.1226  0.1258  0.1292  0.1247  0.1238  0.1244
 0.1280  0.1244  0.1168  0.1233  0.1259  0.1289  0.1259  0.1268
 0.1233  0.1264  0.1249  0.1247  0.1247  0.1255  0.1251  0.1255
 0.1244  0.1275  0.1242  0.1251  0.1283  0.1244  0.1236  0.1223
 0.1280  0.1270  0.1187  0.1249  0.1243  0.1250  0.1253  0.1268
 0.1255  0.1267  0.1199  0.1238  0.1264  0.1253  0.1249  0.1275
 0.1226  0.1269  0.1257  0.1263  0.1253  0.1232  0.1264  0.1236
 0.1250  0.1261  0.1245  0.1242  0.1255  0.1244  0.1256  0.1247
 0.1265  0.1274  0.1206  0.1251  0.1258  0.1255  0.1236  0.1254
 0.1249  0.1280  0.1217  0.1251  0.1251  0.1270  0.1242  0.1240
 0.1258  0.1271  0.1203  0.1232  0.1229  0.1281  0.1245  0.1281
[torch.cuda.FloatTensor of size 14x8 (GPU 2)]

2019-10-14 14:44:55,982 train 000 6.224516e-02 98.437500 100.000000
2019-10-14 14:47:20,272 train 050 4.481235e-02 98.774510 99.969363
2019-10-14 14:49:43,838 train 100 5.116822e-02 98.514851 99.984530
2019-10-14 14:52:08,434 train 150 5.503016e-02 98.416805 99.979305
2019-10-14 14:54:32,210 train 200 6.000711e-02 98.289801 99.976679
2019-10-14 14:56:56,150 train 250 6.047367e-02 98.232072 99.968875
2019-10-14 14:59:20,308 train 300 6.128748e-02 98.167566 99.974045
2019-10-14 15:01:44,029 train 350 5.950371e-02 98.197115 99.977742
2019-10-14 15:04:07,598 train 400 5.888189e-02 98.207606 99.972724
2019-10-14 15:06:32,282 train 450 6.015285e-02 98.160338 99.968819
2019-10-14 15:07:24,147 train_acc (R^2 for regression) 98.140000
2019-10-14 15:07:24,451 train 000 1.807322e+00 43.750000 95.312500
2019-10-14 15:07:32,515 train 050 1.560960e+00 55.116422 95.925245
2019-10-14 15:07:40,596 train 100 1.587874e+00 55.058787 95.884901
2019-10-14 15:07:48,688 train 150 1.600436e+00 54.728891 95.881623
2019-10-14 15:07:56,798 train 200 1.599274e+00 54.617537 95.817786
2019-10-14 15:08:04,937 train 250 1.596546e+00 54.662600 95.866534
2019-10-14 15:08:13,060 train 300 1.593336e+00 54.697882 95.831603
2019-10-14 15:08:21,191 train 350 1.592096e+00 54.683048 95.806624
2019-10-14 15:08:29,300 train 400 1.591110e+00 54.597880 95.822943
2019-10-14 15:08:37,382 train 450 1.592207e+00 54.718681 95.832178
2019-10-14 15:08:40,283 valid_acc (R^2 for regression) 54.746667
2019-10-14 15:08:40,415 epoch 5 lr 2.441268e-02
2019-10-14 15:08:40,416 genotype = Genotype(normal=[('max_pool_3x3', 0), ('max_pool_3x3', 1), ('max_pool_3x3', 0), ('sep_conv_5x5', 2), ('max_pool_3x3', 0), ('max_pool_3x3', 1), ('max_pool_3x3', 0), ('sep_conv_5x5', 4)], normal_concat=range(2, 6), reduce=[('max_pool_3x3', 0), ('max_pool_3x3', 1), ('sep_conv_5x5', 2), ('sep_conv_3x3', 1), ('sep_conv_3x3', 1), ('dil_conv_5x5', 3), ('sep_conv_5x5', 4), ('max_pool_3x3', 3)], reduce_concat=range(2, 6))
2019-10-14 15:08:40,418 
alphas_normal = Variable containing:
 0.1226  0.1372  0.1237  0.1292  0.1202  0.1215  0.1227  0.1230
 0.1299  0.1322  0.1175  0.1245  0.1235  0.1222  0.1263  0.1240
 0.1228  0.1353  0.1235  0.1272  0.1216  0.1255  0.1217  0.1223
 0.1305  0.1288  0.1172  0.1228  0.1259  0.1254  0.1278  0.1216
 0.1269  0.1266  0.1200  0.1243  0.1245  0.1302  0.1252  0.1223
 0.1228  0.1359  0.1223  0.1262  0.1235  0.1249  0.1234  0.1211
 0.1293  0.1317  0.1211  0.1269  0.1242  0.1234  0.1226  0.1208
 0.1256  0.1275  0.1213  0.1249  0.1254  0.1266  0.1235  0.1253
 0.1269  0.1259  0.1213  0.1242  0.1294  0.1257  0.1237  0.1229
 0.1260  0.1341  0.1220  0.1260  0.1265  0.1234  0.1220  0.1200
 0.1316  0.1279  0.1192  0.1245  0.1246  0.1223  0.1249  0.1250
 0.1311  0.1263  0.1197  0.1249  0.1247  0.1242  0.1255  0.1236
 0.1291  0.1233  0.1178  0.1213  0.1288  0.1261  0.1258  0.1278
 0.1308  0.1240  0.1179  0.1214  0.1256  0.1301  0.1267  0.1234
[torch.cuda.FloatTensor of size 14x8 (GPU 2)]

2019-10-14 15:08:40,419 
alphas_reduce = Variable containing:
 0.1245  0.1288  0.1260  0.1236  0.1240  0.1229  0.1264  0.1238
 0.1258  0.1267  0.1236  0.1234  0.1254  0.1261  0.1249  0.1242
 0.1253  0.1271  0.1244  0.1241  0.1219  0.1279  0.1271  0.1222
 0.1256  0.1260  0.1226  0.1257  0.1291  0.1237  0.1223  0.1250
 0.1262  0.1252  0.1157  0.1226  0.1256  0.1307  0.1264  0.1276
 0.1237  0.1262  0.1241  0.1239  0.1245  0.1259  0.1255  0.1263
 0.1250  0.1278  0.1238  0.1247  0.1299  0.1242  0.1239  0.1206
 0.1269  0.1274  0.1170  0.1239  0.1254  0.1260  0.1256  0.1279
 0.1246  0.1265  0.1181  0.1226  0.1272  0.1265  0.1260  0.1285
 0.1236  0.1259  0.1241  0.1267  0.1265  0.1220  0.1278  0.1234
 0.1259  0.1264  0.1245  0.1236  0.1251  0.1247  0.1250  0.1247
 0.1258  0.1282  0.1193  0.1241  0.1273  0.1249  0.1240  0.1263
 0.1249  0.1283  0.1207  0.1249  0.1253  0.1275  0.1243  0.1241
 0.1246  0.1283  0.1194  0.1234  0.1220  0.1291  0.1243  0.1288
[torch.cuda.FloatTensor of size 14x8 (GPU 2)]

2019-10-14 15:08:43,436 train 000 7.649213e-03 100.000000 100.000000
2019-10-14 15:11:07,461 train 050 6.628082e-02 98.161765 99.938725
2019-10-14 15:13:31,469 train 100 6.523693e-02 97.911510 99.953589
2019-10-14 15:15:55,121 train 150 6.364842e-02 98.013245 99.968957
2019-10-14 15:18:19,485 train 200 6.476964e-02 98.002177 99.968905
2019-10-14 15:20:43,594 train 250 5.976285e-02 98.151145 99.975100
2019-10-14 15:23:07,331 train 300 5.921284e-02 98.151993 99.974045
2019-10-14 15:25:31,392 train 350 5.942332e-02 98.152600 99.973291
2019-10-14 15:27:55,068 train 400 6.210935e-02 98.059539 99.968828
2019-10-14 15:30:19,288 train 450 6.237059e-02 98.035615 99.972284
2019-10-14 15:31:11,102 train_acc (R^2 for regression) 98.016667
2019-10-14 15:31:11,415 train 000 1.811751e-02 100.000000 100.000000
2019-10-14 15:31:19,516 train 050 6.883008e-02 97.824755 99.938725
2019-10-14 15:31:27,626 train 100 6.752989e-02 97.880569 99.969059
2019-10-14 15:31:35,714 train 150 7.512157e-02 97.609685 99.958609
2019-10-14 15:31:43,832 train 200 7.867725e-02 97.605721 99.945585
2019-10-14 15:31:51,951 train 250 7.538021e-02 97.678038 99.956424
2019-10-14 15:32:00,076 train 300 7.354037e-02 97.700374 99.963663
2019-10-14 15:32:08,202 train 350 7.330529e-02 97.698540 99.964387
2019-10-14 15:32:16,330 train 400 7.471441e-02 97.638716 99.968828
2019-10-14 15:32:24,431 train 450 7.301494e-02 97.664911 99.972284
2019-10-14 15:32:27,339 valid_acc (R^2 for regression) 97.696667
2019-10-14 15:32:27,485 epoch 6 lr 2.415732e-02
2019-10-14 15:32:27,486 genotype = Genotype(normal=[('max_pool_3x3', 0), ('max_pool_3x3', 1), ('max_pool_3x3', 0), ('sep_conv_5x5', 2), ('max_pool_3x3', 0), ('max_pool_3x3', 1), ('max_pool_3x3', 0), ('sep_conv_5x5', 4)], normal_concat=range(2, 6), reduce=[('sep_conv_5x5', 1), ('max_pool_3x3', 0), ('sep_conv_5x5', 2), ('sep_conv_5x5', 0), ('sep_conv_3x3', 1), ('dil_conv_5x5', 3), ('max_pool_3x3', 4), ('sep_conv_3x3', 0)], reduce_concat=range(2, 6))
2019-10-14 15:32:27,487 
alphas_normal = Variable containing:
 0.1221  0.1393  0.1236  0.1308  0.1203  0.1190  0.1231  0.1218
 0.1311  0.1338  0.1166  0.1248  0.1228  0.1211  0.1263  0.1236
 0.1224  0.1374  0.1233  0.1282  0.1202  0.1261  0.1211  0.1214
 0.1323  0.1285  0.1167  0.1233  0.1274  0.1236  0.1284  0.1199
 0.1272  0.1269  0.1186  0.1235  0.1256  0.1302  0.1266  0.1216
 0.1225  0.1374  0.1217  0.1270  0.1235  0.1234  0.1228  0.1217
 0.1309  0.1320  0.1203  0.1272  0.1230  0.1227  0.1235  0.1203
 0.1272  0.1278  0.1198  0.1245  0.1252  0.1258  0.1236  0.1260
 0.1277  0.1251  0.1198  0.1232  0.1307  0.1267  0.1248  0.1218
 0.1266  0.1352  0.1223  0.1277  0.1247  0.1220  0.1215  0.1201
 0.1333  0.1277  0.1188  0.1245  0.1251  0.1206  0.1244  0.1256
 0.1324  0.1261  0.1181  0.1240  0.1242  0.1237  0.1260  0.1255
 0.1316  0.1229  0.1168  0.1208  0.1283  0.1263  0.1256  0.1277
 0.1327  0.1236  0.1169  0.1200  0.1261  0.1304  0.1270  0.1232
[torch.cuda.FloatTensor of size 14x8 (GPU 2)]

2019-10-14 15:32:27,489 
alphas_reduce = Variable containing:
 0.1247  0.1272  0.1245  0.1235  0.1250  0.1246  0.1266  0.1240
 0.1256  0.1268  0.1228  0.1214  0.1251  0.1273  0.1260  0.1250
 0.1263  0.1258  0.1228  0.1237  0.1203  0.1298  0.1275  0.1239
 0.1266  0.1264  0.1225  0.1262  0.1283  0.1231  0.1222  0.1247
 0.1243  0.1264  0.1138  0.1218  0.1269  0.1318  0.1256  0.1294
 0.1236  0.1245  0.1226  0.1238  0.1245  0.1262  0.1263  0.1285
 0.1270  0.1276  0.1230  0.1245  0.1309  0.1245  0.1224  0.1202
 0.1266  0.1287  0.1156  0.1233  0.1252  0.1265  0.1265  0.1278
 0.1245  0.1275  0.1161  0.1215  0.1282  0.1267  0.1266  0.1290
 0.1227  0.1234  0.1217  0.1283  0.1295  0.1223  0.1286  0.1235
 0.1270  0.1261  0.1234  0.1237  0.1254  0.1236  0.1254  0.1254
 0.1264  0.1292  0.1179  0.1242  0.1281  0.1242  0.1241  0.1259
 0.1244  0.1292  0.1188  0.1236  0.1265  0.1293  0.1237  0.1244
 0.1242  0.1295  0.1182  0.1229  0.1235  0.1288  0.1240  0.1288
[torch.cuda.FloatTensor of size 14x8 (GPU 2)]

2019-10-14 15:32:30,482 train 000 7.956117e-02 96.875000 100.000000
2019-10-14 15:34:55,043 train 050 7.039545e-02 97.763480 99.908088
2019-10-14 15:37:19,114 train 100 6.235387e-02 98.035272 99.953589
2019-10-14 15:39:43,816 train 150 5.920528e-02 98.064983 99.968957
2019-10-14 15:42:08,039 train 200 5.657926e-02 98.126555 99.968905
2019-10-14 15:44:31,074 train 250 5.745136e-02 98.144920 99.975100
2019-10-14 15:46:54,132 train 300 5.792818e-02 98.131229 99.974045
2019-10-14 15:49:16,770 train 350 5.637634e-02 98.201567 99.977742
2019-10-14 15:51:41,329 train 400 5.566097e-02 98.211502 99.980517
2019-10-14 15:54:05,699 train 450 5.476548e-02 98.233093 99.982677
2019-10-14 15:54:57,666 train_acc (R^2 for regression) 98.246667
2019-10-14 15:54:58,029 train 000 3.331014e-02 100.000000 100.000000
2019-10-14 15:55:06,128 train 050 8.534623e-02 97.457108 99.969363
2019-10-14 15:55:14,344 train 100 9.546836e-02 96.983292 99.922649
2019-10-14 15:55:22,470 train 150 9.491040e-02 96.885348 99.937914
2019-10-14 15:55:30,594 train 200 9.560545e-02 96.929415 99.930037
2019-10-14 15:55:38,745 train 250 9.764823e-02 96.937251 99.925299
2019-10-14 15:55:46,902 train 300 9.716852e-02 96.926910 99.932517
2019-10-14 15:55:55,050 train 350 9.733441e-02 96.977386 99.924323
2019-10-14 15:56:03,206 train 400 9.898764e-02 96.910069 99.925966
2019-10-14 15:56:11,290 train 450 1.002158e-01 96.895787 99.927245
2019-10-14 15:56:14,201 valid_acc (R^2 for regression) 96.900000
2019-10-14 15:56:14,385 epoch 7 lr 2.385792e-02
2019-10-14 15:56:14,386 genotype = Genotype(normal=[('max_pool_3x3', 0), ('max_pool_3x3', 1), ('max_pool_3x3', 0), ('sep_conv_5x5', 2), ('max_pool_3x3', 0), ('max_pool_3x3', 1), ('max_pool_3x3', 0), ('sep_conv_5x5', 4)], normal_concat=range(2, 6), reduce=[('max_pool_3x3', 0), ('sep_conv_5x5', 1), ('sep_conv_5x5', 2), ('sep_conv_3x3', 1), ('sep_conv_3x3', 1), ('sep_conv_3x3', 3), ('dil_conv_5x5', 4), ('sep_conv_3x3', 0)], reduce_concat=range(2, 6))
2019-10-14 15:56:14,388 
alphas_normal = Variable containing:
 0.1217  0.1418  0.1245  0.1324  0.1188  0.1184  0.1217  0.1207
 0.1326  0.1342  0.1147  0.1240  0.1233  0.1208  0.1265  0.1238
 0.1218  0.1400  0.1234  0.1281  0.1195  0.1261  0.1199  0.1213
 0.1333  0.1282  0.1150  0.1220  0.1290  0.1234  0.1291  0.1199
 0.1279  0.1277  0.1179  0.1233  0.1263  0.1296  0.1263  0.1211
 0.1227  0.1393  0.1225  0.1274  0.1216  0.1235  0.1217  0.1212
 0.1319  0.1327  0.1195  0.1267  0.1227  0.1241  0.1222  0.1203
 0.1275  0.1296  0.1194  0.1242  0.1252  0.1261  0.1241  0.1240
 0.1282  0.1264  0.1194  0.1231  0.1306  0.1271  0.1243  0.1210
 0.1273  0.1364  0.1216  0.1270  0.1250  0.1217  0.1199  0.1211
 0.1345  0.1273  0.1170  0.1228  0.1266  0.1204  0.1253  0.1261
 0.1334  0.1270  0.1168  0.1234  0.1243  0.1239  0.1253  0.1259
 0.1323  0.1233  0.1157  0.1198  0.1286  0.1281  0.1250  0.1272
 0.1330  0.1233  0.1147  0.1183  0.1275  0.1318  0.1276  0.1237
[torch.cuda.FloatTensor of size 14x8 (GPU 2)]

2019-10-14 15:56:14,389 
alphas_reduce = Variable containing:
 0.1248  0.1278  0.1252  0.1229  0.1259  0.1246  0.1268  0.1221
 0.1255  0.1259  0.1216  0.1210  0.1261  0.1274  0.1269  0.1255
 0.1275  0.1259  0.1233  0.1245  0.1196  0.1279  0.1276  0.1238
 0.1256  0.1254  0.1216  0.1263  0.1298  0.1248  0.1232  0.1233
 0.1247  0.1256  0.1132  0.1213  0.1263  0.1324  0.1262  0.1303
 0.1223  0.1255  0.1235  0.1226  0.1252  0.1278  0.1256  0.1275
 0.1268  0.1270  0.1222  0.1264  0.1319  0.1231  0.1226  0.1199
 0.1255  0.1282  0.1154  0.1227  0.1255  0.1277  0.1260  0.1289
 0.1247  0.1277  0.1165  0.1225  0.1290  0.1264  0.1261  0.1271
 0.1239  0.1246  0.1229  0.1287  0.1293  0.1209  0.1272  0.1225
 0.1251  0.1251  0.1225  0.1240  0.1250  0.1243  0.1280  0.1259
 0.1277  0.1286  0.1176  0.1243  0.1287  0.1242  0.1232  0.1257
 0.1254  0.1280  0.1180  0.1234  0.1275  0.1284  0.1241  0.1252
 0.1244  0.1285  0.1171  0.1220  0.1246  0.1275  0.1261  0.1298
[torch.cuda.FloatTensor of size 14x8 (GPU 2)]

2019-10-14 15:56:17,395 train 000 7.509309e-02 96.875000 100.000000
2019-10-14 15:58:41,025 train 050 5.020200e-02 98.621324 100.000000
2019-10-14 16:01:05,990 train 100 4.450201e-02 98.623144 100.000000
2019-10-14 16:03:30,562 train 150 4.967891e-02 98.499586 100.000000
2019-10-14 16:05:54,401 train 200 5.060820e-02 98.453047 100.000000
2019-10-14 16:08:18,783 train 250 4.758590e-02 98.524651 100.000000
2019-10-14 16:10:43,125 train 300 4.803531e-02 98.489410 100.000000
2019-10-14 16:13:06,311 train 350 4.755014e-02 98.477564 100.000000
2019-10-14 16:15:30,491 train 400 4.910605e-02 98.433603 99.992207
2019-10-14 16:17:54,578 train 450 4.876404e-02 98.437500 99.993071
2019-10-14 16:18:46,519 train_acc (R^2 for regression) 98.423333
2019-10-14 16:18:46,824 train 000 3.029434e-02 100.000000 100.000000
2019-10-14 16:18:54,963 train 050 8.810407e-02 97.089461 99.969363
2019-10-14 16:19:03,148 train 100 9.186526e-02 97.045173 99.922649
2019-10-14 16:19:11,314 train 150 9.510771e-02 96.957781 99.948262
2019-10-14 16:19:19,426 train 200 9.652149e-02 96.968284 99.937811
2019-10-14 16:19:27,575 train 250 9.469747e-02 96.949701 99.931524
2019-10-14 16:19:35,743 train 300 9.230866e-02 96.994394 99.937708
2019-10-14 16:19:43,858 train 350 9.327371e-02 96.995192 99.928775
2019-10-14 16:19:51,921 train 400 9.399449e-02 96.987999 99.933759
2019-10-14 16:20:00,081 train 450 9.294251e-02 96.985865 99.934174
2019-10-14 16:20:02,998 valid_acc (R^2 for regression) 96.983333
2019-10-14 16:20:03,191 epoch 8 lr 2.351568e-02
2019-10-14 16:20:03,192 genotype = Genotype(normal=[('max_pool_3x3', 0), ('max_pool_3x3', 1), ('max_pool_3x3', 0), ('sep_conv_3x3', 1), ('max_pool_3x3', 0), ('max_pool_3x3', 1), ('max_pool_3x3', 0), ('sep_conv_5x5', 4)], normal_concat=range(2, 6), reduce=[('max_pool_3x3', 0), ('dil_conv_3x3', 1), ('sep_conv_5x5', 2), ('sep_conv_3x3', 1), ('sep_conv_3x3', 1), ('sep_conv_3x3', 3), ('skip_connect', 0), ('sep_conv_3x3', 2)], reduce_concat=range(2, 6))
2019-10-14 16:20:03,193 
alphas_normal = Variable containing:
 0.1210  0.1416  0.1245  0.1342  0.1176  0.1184  0.1230  0.1198
 0.1345  0.1332  0.1124  0.1230  0.1234  0.1217  0.1283  0.1236
 0.1229  0.1392  0.1231  0.1299  0.1188  0.1254  0.1201  0.1206
 0.1340  0.1263  0.1126  0.1204  0.1317  0.1229  0.1312  0.1209
 0.1284  0.1268  0.1160  0.1222  0.1269  0.1316  0.1272  0.1209
 0.1229  0.1390  0.1225  0.1282  0.1207  0.1229  0.1228  0.1209
 0.1332  0.1329  0.1176  0.1259  0.1233  0.1245  0.1236  0.1190
 0.1283  0.1293  0.1176  0.1230  0.1280  0.1268  0.1222  0.1247
 0.1309  0.1264  0.1189  0.1234  0.1325  0.1267  0.1235  0.1178
 0.1281  0.1356  0.1215  0.1275  0.1254  0.1216  0.1197  0.1207
 0.1372  0.1259  0.1148  0.1214  0.1282  0.1203  0.1254  0.1268
 0.1357  0.1261  0.1147  0.1225  0.1241  0.1257  0.1264  0.1248
 0.1347  0.1220  0.1136  0.1184  0.1299  0.1285  0.1266  0.1262
 0.1360  0.1217  0.1131  0.1169  0.1275  0.1337  0.1269  0.1243
[torch.cuda.FloatTensor of size 14x8 (GPU 2)]

2019-10-14 16:20:03,195 
alphas_reduce = Variable containing:
 0.1244  0.1284  0.1263  0.1228  0.1260  0.1245  0.1282  0.1195
 0.1250  0.1247  0.1210  0.1228  0.1273  0.1261  0.1275  0.1256
 0.1262  0.1263  0.1239  0.1240  0.1180  0.1285  0.1281  0.1250
 0.1252  0.1245  0.1215  0.1274  0.1307  0.1264  0.1218  0.1225
 0.1250  0.1260  0.1130  0.1225  0.1235  0.1327  0.1260  0.1311
 0.1208  0.1251  0.1238  0.1236  0.1265  0.1268  0.1266  0.1269
 0.1281  0.1255  0.1216  0.1265  0.1317  0.1236  0.1235  0.1195
 0.1278  0.1277  0.1157  0.1252  0.1245  0.1256  0.1256  0.1279
 0.1266  0.1254  0.1154  0.1225  0.1281  0.1275  0.1268  0.1276
 0.1222  0.1242  0.1233  0.1310  0.1300  0.1198  0.1283  0.1214
 0.1254  0.1249  0.1225  0.1247  0.1242  0.1256  0.1276  0.1251
 0.1275  0.1289  0.1182  0.1255  0.1294  0.1235  0.1224  0.1246
 0.1258  0.1267  0.1185  0.1242  0.1292  0.1269  0.1247  0.1241
 0.1250  0.1286  0.1177  0.1227  0.1251  0.1270  0.1249  0.1290
[torch.cuda.FloatTensor of size 14x8 (GPU 2)]

2019-10-14 16:20:06,112 train 000 1.102500e-01 93.750000 100.000000
2019-10-14 16:22:30,568 train 050 4.148364e-02 98.682598 100.000000
2019-10-14 16:24:54,835 train 100 4.244890e-02 98.561262 100.000000
2019-10-14 16:27:19,217 train 150 4.625323e-02 98.427152 99.989652
2019-10-14 16:29:43,861 train 200 4.732789e-02 98.406405 99.992226
2019-10-14 16:32:08,163 train 250 4.740878e-02 98.425050 99.993775
2019-10-14 16:34:32,091 train 300 4.681493e-02 98.421927 99.994809
2019-10-14 16:36:56,779 train 350 4.672104e-02 98.406339 99.995548
2019-10-14 16:39:20,347 train 400 4.683153e-02 98.390742 99.996103
2019-10-14 16:41:44,706 train 450 4.739043e-02 98.382068 99.996535
2019-10-14 16:42:36,351 train_acc (R^2 for regression) 98.376667
2019-10-14 16:42:36,646 train 000 2.515620e-02 100.000000 100.000000
2019-10-14 16:42:44,755 train 050 8.866842e-02 97.334559 99.969363
2019-10-14 16:42:52,876 train 100 8.951174e-02 97.385520 99.969059
2019-10-14 16:43:01,020 train 150 8.648023e-02 97.506209 99.958609
2019-10-14 16:43:09,191 train 200 8.800866e-02 97.341418 99.961132
2019-10-14 16:43:17,334 train 250 8.856563e-02 97.316982 99.943974
2019-10-14 16:43:25,446 train 300 8.904188e-02 97.253945 99.948090
2019-10-14 16:43:33,576 train 350 8.918849e-02 97.248932 99.933226
2019-10-14 16:43:41,702 train 400 8.973224e-02 97.249065 99.933759
2019-10-14 16:43:49,809 train 450 8.905151e-02 97.235310 99.930710
2019-10-14 16:43:52,718 valid_acc (R^2 for regression) 97.256667
2019-10-14 16:43:52,847 epoch 9 lr 2.313194e-02
2019-10-14 16:43:52,848 genotype = Genotype(normal=[('max_pool_3x3', 0), ('max_pool_3x3', 1), ('max_pool_3x3', 0), ('sep_conv_3x3', 1), ('max_pool_3x3', 0), ('sep_conv_3x3', 3), ('max_pool_3x3', 0), ('sep_conv_5x5', 4)], normal_concat=range(2, 6), reduce=[('max_pool_3x3', 0), ('dil_conv_3x3', 1), ('dil_conv_5x5', 2), ('sep_conv_3x3', 1), ('sep_conv_3x3', 1), ('dil_conv_5x5', 3), ('skip_connect', 0), ('max_pool_3x3', 2)], reduce_concat=range(2, 6))
2019-10-14 16:43:52,850 
alphas_normal = Variable containing:
 0.1193  0.1443  0.1265  0.1375  0.1153  0.1168  0.1209  0.1194
 0.1361  0.1328  0.1116  0.1240  0.1225  0.1211  0.1285  0.1235
 0.1217  0.1420  0.1251  0.1324  0.1157  0.1245  0.1202  0.1185
 0.1339  0.1271  0.1126  0.1214  0.1324  0.1211  0.1320  0.1194
 0.1300  0.1283  0.1161  0.1240  0.1261  0.1308  0.1259  0.1190
 0.1210  0.1407  0.1240  0.1296  0.1207  0.1214  0.1228  0.1198
 0.1338  0.1322  0.1168  0.1253  0.1252  0.1235  0.1231  0.1202
 0.1297  0.1289  0.1167  0.1236  0.1272  0.1272  0.1221  0.1245
 0.1332  0.1249  0.1175  0.1229  0.1338  0.1270  0.1236  0.1172
 0.1271  0.1371  0.1231  0.1306  0.1234  0.1200  0.1195  0.1191
 0.1386  0.1267  0.1150  0.1221  0.1269  0.1195  0.1253  0.1259
 0.1373  0.1262  0.1142  0.1238  0.1228  0.1253  0.1263  0.1242
 0.1377  0.1212  0.1129  0.1188  0.1275  0.1292  0.1273  0.1254
 0.1387  0.1214  0.1130  0.1171  0.1269  0.1326  0.1272  0.1232
[torch.cuda.FloatTensor of size 14x8 (GPU 2)]

2019-10-14 16:43:52,851 
alphas_reduce = Variable containing:
 0.1227  0.1295  0.1274  0.1222  0.1266  0.1238  0.1281  0.1198
 0.1262  0.1244  0.1201  0.1224  0.1267  0.1262  0.1279  0.1261
 0.1248  0.1279  0.1258  0.1227  0.1168  0.1281  0.1290  0.1249
 0.1266  0.1243  0.1213  0.1270  0.1299  0.1265  0.1218  0.1226
 0.1249  0.1273  0.1139  0.1244  0.1224  0.1296  0.1251  0.1324
 0.1194  0.1267  0.1257  0.1227  0.1258  0.1265  0.1269  0.1263
 0.1283  0.1253  0.1214  0.1272  0.1318  0.1239  0.1224  0.1196
 0.1274  0.1281  0.1159  0.1265  0.1255  0.1255  0.1240  0.1271
 0.1283  0.1247  0.1140  0.1226  0.1264  0.1274  0.1281  0.1285
 0.1212  0.1255  0.1248  0.1320  0.1298  0.1185  0.1278  0.1204
 0.1250  0.1250  0.1224  0.1263  0.1245  0.1241  0.1283  0.1243
 0.1260  0.1301  0.1194  0.1269  0.1279  0.1228  0.1214  0.1255
 0.1273  0.1265  0.1181  0.1246  0.1283  0.1263  0.1251  0.1238
 0.1260  0.1285  0.1182  0.1236  0.1246  0.1265  0.1246  0.1280
[torch.cuda.FloatTensor of size 14x8 (GPU 2)]

2019-10-14 16:43:55,798 train 000 1.758691e-02 100.000000 100.000000
2019-10-14 16:46:19,394 train 050 5.402799e-02 98.529412 100.000000
2019-10-14 16:48:41,756 train 100 5.119405e-02 98.499381 99.984530
2019-10-14 16:51:05,964 train 150 4.937698e-02 98.520281 99.979305
2019-10-14 16:53:28,197 train 200 4.940211e-02 98.507463 99.984453
2019-10-14 16:55:52,355 train 250 4.705740e-02 98.543327 99.987550
2019-10-14 16:58:16,007 train 300 4.663788e-02 98.530939 99.989618
2019-10-14 17:00:38,824 train 350 4.508308e-02 98.584402 99.986645
2019-10-14 17:03:03,325 train 400 4.461353e-02 98.624532 99.988310
2019-10-14 17:05:27,292 train 450 4.481863e-02 98.600333 99.989606
2019-10-14 17:06:19,342 train_acc (R^2 for regression) 98.616667
2019-10-14 17:06:19,642 train 000 1.207004e-01 95.312500 100.000000
2019-10-14 17:06:27,769 train 050 1.168816e-01 96.384804 99.969363
2019-10-14 17:06:35,884 train 100 1.239356e-01 96.086015 99.938119
2019-10-14 17:06:44,003 train 150 1.176130e-01 96.274834 99.958609
2019-10-14 17:06:52,078 train 200 1.146923e-01 96.385261 99.961132
