2019-10-14 13:10:26,297 gpu device = 3
2019-10-14 13:10:26,297 args = Namespace(arch_learning_rate=0.0003, arch_weight_decay=0.001, batch_size=24, cutout=False, cutout_length=16, data='../data', dataset='graphene', drop_path_prob=0.3, epochs=50, gpu=3, grad_clip=5, init_channels=16, layers=8, learning_rate=0.025, learning_rate_min=0.001, model_path='saved_models', momentum=0.9, report_freq=50, save='search-GRAPHENE-20191014-131026', seed=2, train_portion=0.5, unrolled=True, weight_decay=0.0003)
2019-10-14 13:10:31,555 param size = 1.927441MB
2019-10-14 13:10:31,568 epoch 0 lr 2.500000e-02
2019-10-14 13:10:31,569 genotype = Genotype(normal=[('avg_pool_3x3', 0), ('max_pool_3x3', 1), ('max_pool_3x3', 1), ('dil_conv_5x5', 0), ('avg_pool_3x3', 1), ('avg_pool_3x3', 0), ('max_pool_3x3', 2), ('avg_pool_3x3', 3)], normal_concat=range(2, 6), reduce=[('avg_pool_3x3', 0), ('dil_conv_3x3', 1), ('dil_conv_5x5', 2), ('skip_connect', 0), ('sep_conv_3x3', 1), ('dil_conv_3x3', 2), ('avg_pool_3x3', 3), ('sep_conv_3x3', 4)], reduce_concat=range(2, 6))
2019-10-14 13:10:31,572 
alphas_normal = Variable containing:
 0.1250  0.1249  0.1252  0.1251  0.1250  0.1250  0.1249  0.1249
 0.1251  0.1251  0.1250  0.1250  0.1250  0.1249  0.1250  0.1249
 0.1252  0.1250  0.1250  0.1251  0.1251  0.1247  0.1247  0.1252
 0.1250  0.1253  0.1249  0.1250  0.1250  0.1249  0.1248  0.1250
 0.1250  0.1249  0.1251  0.1251  0.1251  0.1248  0.1249  0.1251
 0.1249  0.1250  0.1252  0.1250  0.1251  0.1251  0.1247  0.1250
 0.1251  0.1248  0.1252  0.1251  0.1248  0.1250  0.1251  0.1249
 0.1250  0.1249  0.1251  0.1249  0.1252  0.1252  0.1249  0.1248
 0.1249  0.1251  0.1250  0.1251  0.1249  0.1249  0.1250  0.1250
 0.1250  0.1251  0.1247  0.1249  0.1251  0.1250  0.1250  0.1252
 0.1249  0.1251  0.1251  0.1250  0.1249  0.1249  0.1251  0.1249
 0.1249  0.1254  0.1251  0.1248  0.1249  0.1249  0.1251  0.1249
 0.1250  0.1250  0.1252  0.1249  0.1250  0.1249  0.1249  0.1251
 0.1250  0.1250  0.1250  0.1249  0.1251  0.1250  0.1251  0.1250
[torch.cuda.FloatTensor of size 14x8 (GPU 3)]

2019-10-14 13:10:31,573 
alphas_reduce = Variable containing:
 0.1250  0.1249  0.1253  0.1250  0.1250  0.1249  0.1250  0.1249
 0.1250  0.1249  0.1250  0.1251  0.1249  0.1249  0.1251  0.1251
 0.1250  0.1251  0.1249  0.1251  0.1250  0.1249  0.1250  0.1249
 0.1250  0.1249  0.1251  0.1249  0.1249  0.1251  0.1251  0.1249
 0.1251  0.1250  0.1249  0.1248  0.1251  0.1250  0.1249  0.1252
 0.1252  0.1250  0.1249  0.1251  0.1250  0.1249  0.1251  0.1249
 0.1249  0.1251  0.1248  0.1251  0.1252  0.1252  0.1247  0.1250
 0.1250  0.1250  0.1251  0.1251  0.1249  0.1250  0.1251  0.1249
 0.1251  0.1248  0.1249  0.1251  0.1250  0.1250  0.1249  0.1250
 0.1249  0.1250  0.1249  0.1251  0.1249  0.1251  0.1251  0.1250
 0.1250  0.1250  0.1250  0.1248  0.1251  0.1250  0.1250  0.1251
 0.1251  0.1250  0.1248  0.1250  0.1250  0.1251  0.1251  0.1249
 0.1249  0.1250  0.1252  0.1251  0.1251  0.1250  0.1250  0.1248
 0.1250  0.1250  0.1251  0.1248  0.1251  0.1249  0.1250  0.1250
[torch.cuda.FloatTensor of size 14x8 (GPU 3)]

2019-10-14 13:10:41,222 train 000 1.594841e-01 -10.805681
2019-10-14 13:13:38,911 train 050 4.858662e-02 -1.156442
2019-10-14 13:16:33,350 train 100 3.671850e-02 -0.612496
2019-10-14 13:19:26,087 train 150 2.995544e-02 -0.302927
2019-10-14 13:22:16,233 train 200 2.631102e-02 -0.142489
2019-10-14 13:25:10,153 train 250 2.454651e-02 -0.040416
2019-10-14 13:28:00,406 train 300 2.285616e-02 0.032700
2019-10-14 13:30:32,080 train 350 2.141851e-02 0.070997
2019-10-14 13:33:05,858 train 400 1.994810e-02 0.129866
2019-10-14 13:35:32,832 train 450 1.878823e-02 0.184322
2019-10-14 13:37:56,846 train_acc (R^2 for regression) 0.202139
2019-10-14 13:37:57,135 train 000 9.099443e-03 0.810363
2019-10-14 13:38:05,436 train 050 9.494350e-03 0.588694
2019-10-14 13:38:13,714 train 100 9.405840e-03 0.601838
2019-10-14 13:38:21,982 train 150 9.412591e-03 0.577806
2019-10-14 13:38:30,286 train 200 9.435649e-03 0.577802
2019-10-14 13:38:38,577 train 250 9.272004e-03 0.572953
2019-10-14 13:38:46,856 train 300 9.333561e-03 0.576411
2019-10-14 13:38:55,143 train 350 9.222971e-03 0.574635
2019-10-14 13:39:03,436 train 400 9.362434e-03 0.575545
2019-10-14 13:39:11,721 train 450 9.377418e-03 0.574302
2019-10-14 13:39:19,329 valid_acc (R^2 for regression) 0.569039
2019-10-14 13:39:19,464 epoch 1 lr 2.497632e-02
2019-10-14 13:39:19,464 genotype = Genotype(normal=[('sep_conv_5x5', 1), ('sep_conv_5x5', 0), ('dil_conv_5x5', 2), ('sep_conv_3x3', 0), ('dil_conv_3x3', 1), ('dil_conv_5x5', 3), ('sep_conv_5x5', 3), ('dil_conv_5x5', 2)], normal_concat=range(2, 6), reduce=[('sep_conv_5x5', 1), ('sep_conv_5x5', 0), ('sep_conv_3x3', 0), ('dil_conv_5x5', 2), ('dil_conv_5x5', 1), ('dil_conv_5x5', 2), ('sep_conv_5x5', 2), ('dil_conv_5x5', 4)], reduce_concat=range(2, 6))
2019-10-14 13:39:19,466 
alphas_normal = Variable containing:
 0.1257  0.1247  0.1248  0.1249  0.1250  0.1256  0.1246  0.1248
 0.1257  0.1244  0.1237  0.1234  0.1251  0.1265  0.1254  0.1257
 0.1267  0.1237  0.1237  0.1244  0.1261  0.1246  0.1256  0.1252
 0.1260  0.1243  0.1239  0.1241  0.1253  0.1255  0.1250  0.1259
 0.1259  0.1235  0.1233  0.1237  0.1257  0.1260  0.1250  0.1269
 0.1253  0.1247  0.1250  0.1252  0.1255  0.1246  0.1251  0.1245
 0.1263  0.1239  0.1244  0.1242  0.1244  0.1251  0.1261  0.1256
 0.1261  0.1237  0.1242  0.1247  0.1251  0.1259  0.1250  0.1252
 0.1255  0.1241  0.1241  0.1242  0.1253  0.1258  0.1250  0.1260
 0.1265  0.1243  0.1240  0.1248  0.1255  0.1250  0.1251  0.1248
 0.1257  0.1245  0.1244  0.1247  0.1251  0.1245  0.1253  0.1258
 0.1255  0.1245  0.1242  0.1242  0.1256  0.1248  0.1253  0.1258
 0.1261  0.1242  0.1242  0.1241  0.1249  0.1264  0.1248  0.1252
 0.1260  0.1243  0.1241  0.1242  0.1256  0.1249  0.1254  0.1255
[torch.cuda.FloatTensor of size 14x8 (GPU 3)]

2019-10-14 13:39:19,467 
alphas_reduce = Variable containing:
 0.1253  0.1246  0.1249  0.1253  0.1248  0.1258  0.1250  0.1244
 0.1246  0.1244  0.1245  0.1251  0.1255  0.1258  0.1257  0.1243
 0.1249  0.1243  0.1241  0.1257  0.1261  0.1247  0.1251  0.1251
 0.1250  0.1245  0.1248  0.1249  0.1251  0.1254  0.1249  0.1254
 0.1254  0.1246  0.1243  0.1247  0.1254  0.1242  0.1255  0.1259
 0.1252  0.1243  0.1240  0.1251  0.1255  0.1252  0.1252  0.1256
 0.1249  0.1246  0.1247  0.1246  0.1251  0.1253  0.1250  0.1258
 0.1254  0.1240  0.1241  0.1246  0.1255  0.1251  0.1256  0.1257
 0.1252  0.1243  0.1245  0.1249  0.1252  0.1254  0.1251  0.1255
 0.1246  0.1251  0.1250  0.1251  0.1254  0.1253  0.1248  0.1249
 0.1255  0.1248  0.1250  0.1247  0.1252  0.1248  0.1250  0.1249
 0.1248  0.1244  0.1243  0.1249  0.1249  0.1260  0.1247  0.1259
 0.1252  0.1247  0.1250  0.1249  0.1249  0.1254  0.1248  0.1250
 0.1251  0.1243  0.1243  0.1245  0.1252  0.1255  0.1251  0.1259
[torch.cuda.FloatTensor of size 14x8 (GPU 3)]

2019-10-14 13:39:22,526 train 000 3.117777e-03 0.829650
2019-10-14 13:41:58,069 train 050 1.234179e-02 0.541835
2019-10-14 13:44:26,670 train 100 1.006180e-02 0.576427
2019-10-14 13:46:56,587 train 150 8.638221e-03 0.628598
2019-10-14 13:49:24,305 train 200 8.558109e-03 0.631328
2019-10-14 13:51:53,268 train 250 8.360443e-03 0.626589
2019-10-14 13:54:32,330 train 300 7.932257e-03 0.622926
2019-10-14 13:57:06,737 train 350 8.019594e-03 0.616141
2019-10-14 13:59:35,922 train 400 7.897398e-03 0.618636
2019-10-14 14:02:03,887 train 450 7.810076e-03 0.626359
2019-10-14 14:04:25,830 train_acc (R^2 for regression) 0.634826
2019-10-14 14:04:26,128 train 000 6.460884e-03 0.893495
2019-10-14 14:04:34,455 train 050 5.099672e-03 0.799224
2019-10-14 14:04:42,776 train 100 4.812997e-03 0.786610
2019-10-14 14:04:51,085 train 150 4.777058e-03 0.792091
2019-10-14 14:04:59,405 train 200 4.818472e-03 0.780256
2019-10-14 14:05:07,731 train 250 4.807203e-03 0.777424
2019-10-14 14:05:16,057 train 300 4.799147e-03 0.778378
2019-10-14 14:05:24,394 train 350 4.778787e-03 0.776810
2019-10-14 14:05:32,709 train 400 4.916533e-03 0.779205
2019-10-14 14:05:41,220 train 450 4.930238e-03 0.776718
2019-10-14 14:05:50,503 valid_acc (R^2 for regression) 0.773454
2019-10-14 14:05:50,697 epoch 2 lr 2.490538e-02
2019-10-14 14:05:50,698 genotype = Genotype(normal=[('sep_conv_5x5', 1), ('sep_conv_5x5', 0), ('dil_conv_5x5', 2), ('dil_conv_5x5', 1), ('dil_conv_5x5', 3), ('sep_conv_5x5', 2), ('sep_conv_5x5', 3), ('dil_conv_5x5', 2)], normal_concat=range(2, 6), reduce=[('dil_conv_3x3', 1), ('sep_conv_5x5', 0), ('sep_conv_3x3', 2), ('skip_connect', 0), ('dil_conv_5x5', 2), ('dil_conv_5x5', 3), ('dil_conv_5x5', 2), ('sep_conv_5x5', 3)], reduce_concat=range(2, 6))
2019-10-14 14:05:50,700 
alphas_normal = Variable containing:
 0.1263  0.1242  0.1239  0.1239  0.1242  0.1264  0.1249  0.1262
 0.1259  0.1238  0.1228  0.1223  0.1249  0.1276  0.1260  0.1267
 0.1264  0.1235  0.1236  0.1243  0.1255  0.1244  0.1260  0.1262
 0.1259  0.1241  0.1239  0.1238  0.1238  0.1264  0.1257  0.1264
 0.1259  0.1229  0.1223  0.1228  0.1254  0.1266  0.1251  0.1290
 0.1253  0.1244  0.1246  0.1251  0.1254  0.1237  0.1257  0.1256
 0.1262  0.1235  0.1238  0.1238  0.1241  0.1254  0.1266  0.1266
 0.1260  0.1241  0.1235  0.1243  0.1260  0.1269  0.1240  0.1254
 0.1247  0.1236  0.1232  0.1231  0.1250  0.1270  0.1257  0.1276
 0.1263  0.1238  0.1241  0.1244  0.1254  0.1254  0.1250  0.1257
 0.1257  0.1238  0.1238  0.1242  0.1252  0.1256  0.1258  0.1259
 0.1259  0.1236  0.1230  0.1232  0.1256  0.1259  0.1260  0.1268
 0.1261  0.1240  0.1239  0.1237  0.1244  0.1275  0.1251  0.1253
 0.1260  0.1240  0.1237  0.1236  0.1251  0.1263  0.1255  0.1258
[torch.cuda.FloatTensor of size 14x8 (GPU 3)]

2019-10-14 14:05:50,702 
alphas_reduce = Variable containing:
 0.1254  0.1245  0.1247  0.1253  0.1247  0.1255  0.1249  0.1251
 0.1251  0.1232  0.1237  0.1251  0.1258  0.1257  0.1266  0.1248
 0.1244  0.1244  0.1244  0.1261  0.1259  0.1244  0.1250  0.1254
 0.1255  0.1230  0.1238  0.1255  0.1251  0.1253  0.1257  0.1261
 0.1252  0.1242  0.1239  0.1242  0.1266  0.1240  0.1259  0.1260
 0.1250  0.1243  0.1245  0.1249  0.1255  0.1249  0.1253  0.1257
 0.1250  0.1243  0.1247  0.1253  0.1247  0.1251  0.1255  0.1253
 0.1248  0.1235  0.1245  0.1242  0.1253  0.1258  0.1251  0.1268
 0.1245  0.1246  0.1250  0.1249  0.1248  0.1254  0.1248  0.1259
 0.1253  0.1250  0.1247  0.1251  0.1252  0.1246  0.1253  0.1249
 0.1256  0.1236  0.1242  0.1255  0.1252  0.1257  0.1253  0.1249
 0.1254  0.1238  0.1237  0.1238  0.1252  0.1256  0.1249  0.1276
 0.1249  0.1243  0.1247  0.1239  0.1250  0.1264  0.1251  0.1258
 0.1251  0.1242  0.1242  0.1236  0.1257  0.1254  0.1259  0.1260
[torch.cuda.FloatTensor of size 14x8 (GPU 3)]

2019-10-14 14:05:54,000 train 000 2.677006e-03 0.903929
2019-10-14 14:08:22,355 train 050 6.470691e-03 0.717989
2019-10-14 14:10:53,169 train 100 6.698019e-03 0.696420
2019-10-14 14:13:20,366 train 150 6.529180e-03 0.715513
2019-10-14 14:15:45,499 train 200 7.068386e-03 0.672347
2019-10-14 14:18:10,714 train 250 6.775345e-03 0.680842
2019-10-14 14:20:38,415 train 300 6.760878e-03 0.671989
2019-10-14 14:23:12,868 train 350 6.740589e-03 0.672236
2019-10-14 14:25:42,112 train 400 6.538197e-03 0.680728
2019-10-14 14:28:14,958 train 450 6.404615e-03 0.681512
2019-10-14 14:30:45,491 train_acc (R^2 for regression) 0.690464
2019-10-14 14:30:45,820 train 000 6.277298e-03 0.383000
2019-10-14 14:30:55,945 train 050 5.802681e-03 0.681547
2019-10-14 14:31:06,054 train 100 5.544772e-03 0.727862
2019-10-14 14:31:16,173 train 150 5.578717e-03 0.717917
2019-10-14 14:31:25,326 train 200 5.468274e-03 0.727191
2019-10-14 14:31:33,601 train 250 5.437633e-03 0.733066
2019-10-14 14:31:41,883 train 300 5.387560e-03 0.737726
2019-10-14 14:31:50,173 train 350 5.287319e-03 0.735920
2019-10-14 14:31:58,462 train 400 5.241452e-03 0.741032
2019-10-14 14:32:06,762 train 450 5.222547e-03 0.746070
2019-10-14 14:32:14,374 valid_acc (R^2 for regression) 0.744468
2019-10-14 14:32:14,496 epoch 3 lr 2.478745e-02
2019-10-14 14:32:14,497 genotype = Genotype(normal=[('dil_conv_5x5', 0), ('dil_conv_5x5', 1), ('dil_conv_5x5', 2), ('dil_conv_5x5', 0), ('dil_conv_5x5', 3), ('dil_conv_5x5', 1), ('sep_conv_5x5', 3), ('sep_conv_5x5', 4)], normal_concat=range(2, 6), reduce=[('sep_conv_3x3', 1), ('dil_conv_5x5', 0), ('dil_conv_5x5', 2), ('dil_conv_5x5', 1), ('dil_conv_5x5', 2), ('sep_conv_5x5', 1), ('dil_conv_5x5', 2), ('sep_conv_5x5', 3)], reduce_concat=range(2, 6))
2019-10-14 14:32:14,499 
alphas_normal = Variable containing:
 0.1265  0.1230  0.1234  0.1226  0.1247  0.1263  0.1248  0.1287
 0.1243  0.1229  0.1235  0.1226  0.1252  0.1270  0.1266  0.1279
 0.1265  0.1231  0.1240  0.1240  0.1254  0.1241  0.1258  0.1271
 0.1249  0.1234  0.1242  0.1238  0.1247  0.1270  0.1262  0.1257
 0.1251  0.1227  0.1224  0.1226  0.1254  0.1266  0.1252  0.1301
 0.1252  0.1235  0.1247  0.1247  0.1258  0.1237  0.1260  0.1264
 0.1250  0.1235  0.1249  0.1245  0.1235  0.1259  0.1257  0.1270
 0.1253  0.1233  0.1237  0.1242  0.1268  0.1266  0.1233  0.1268
 0.1242  0.1227  0.1231  0.1230  0.1253  0.1272  0.1256  0.1290
 0.1253  0.1228  0.1250  0.1246  0.1252  0.1256  0.1249  0.1267
 0.1251  0.1231  0.1238  0.1237  0.1257  0.1260  0.1261  0.1264
 0.1257  0.1227  0.1225  0.1227  0.1255  0.1267  0.1270  0.1271
 0.1252  0.1234  0.1235  0.1231  0.1247  0.1289  0.1257  0.1254
 0.1258  0.1234  0.1234  0.1231  0.1250  0.1277  0.1256  0.1260
[torch.cuda.FloatTensor of size 14x8 (GPU 3)]

2019-10-14 14:32:14,500 
alphas_reduce = Variable containing:
 0.1254  0.1244  0.1251  0.1249  0.1245  0.1250  0.1247  0.1261
 0.1252  0.1228  0.1233  0.1248  0.1270  0.1261  0.1259  0.1249
 0.1245  0.1250  0.1257  0.1250  0.1255  0.1247  0.1251  0.1245
 0.1254  0.1232  0.1243  0.1257  0.1246  0.1252  0.1254  0.1262
 0.1247  0.1242  0.1242  0.1245  0.1256  0.1247  0.1259  0.1262
 0.1248  0.1245  0.1251  0.1250  0.1255  0.1251  0.1248  0.1251
 0.1255  0.1241  0.1243  0.1246  0.1249  0.1260  0.1255  0.1252
 0.1248  0.1232  0.1244  0.1244  0.1247  0.1264  0.1254  0.1268
 0.1247  0.1248  0.1248  0.1243  0.1248  0.1260  0.1247  0.1259
 0.1253  0.1241  0.1246  0.1255  0.1255  0.1249  0.1252  0.1249
 0.1250  0.1237  0.1248  0.1248  0.1252  0.1256  0.1253  0.1256
 0.1255  0.1232  0.1241  0.1241  0.1255  0.1253  0.1251  0.1273
 0.1248  0.1235  0.1246  0.1237  0.1248  0.1271  0.1257  0.1258
 0.1249  0.1240  0.1245  0.1235  0.1250  0.1256  0.1262  0.1263
[torch.cuda.FloatTensor of size 14x8 (GPU 3)]

2019-10-14 14:32:17,670 train 000 8.186405e-03 0.389234
2019-10-14 14:34:48,193 train 050 5.140094e-03 0.765481
2019-10-14 14:37:18,767 train 100 4.799883e-03 0.761770
2019-10-14 14:39:51,179 train 150 4.719708e-03 0.781187
2019-10-14 14:42:19,432 train 200 5.064742e-03 0.756096
2019-10-14 14:44:52,708 train 250 5.215976e-03 0.735956
2019-10-14 14:47:20,528 train 300 5.345876e-03 0.734989
2019-10-14 14:49:48,160 train 350 5.513816e-03 0.723772
2019-10-14 14:52:19,767 train 400 5.443275e-03 0.725088
2019-10-14 14:54:45,662 train 450 5.370736e-03 0.730810
2019-10-14 14:56:59,204 train_acc (R^2 for regression) 0.734419
2019-10-14 14:56:59,510 train 000 4.249490e-03 0.968229
2019-10-14 14:57:07,826 train 050 5.065149e-03 0.786443
2019-10-14 14:57:16,149 train 100 5.606849e-03 0.753183
2019-10-14 14:57:24,481 train 150 5.383598e-03 0.763331
2019-10-14 14:57:32,804 train 200 5.249052e-03 0.749947
2019-10-14 14:57:41,134 train 250 5.211111e-03 0.747504
2019-10-14 14:57:49,458 train 300 5.330365e-03 0.751412
2019-10-14 14:57:57,789 train 350 5.325464e-03 0.752374
2019-10-14 14:58:06,124 train 400 5.292528e-03 0.744017
2019-10-14 14:58:14,449 train 450 5.319708e-03 0.737186
2019-10-14 14:58:22,090 valid_acc (R^2 for regression) 0.740290
2019-10-14 14:58:22,218 epoch 4 lr 2.462300e-02
2019-10-14 14:58:22,219 genotype = Genotype(normal=[('dil_conv_5x5', 0), ('dil_conv_5x5', 1), ('dil_conv_5x5', 2), ('dil_conv_5x5', 0), ('dil_conv_5x5', 3), ('dil_conv_5x5', 1), ('sep_conv_5x5', 3), ('sep_conv_5x5', 4)], normal_concat=range(2, 6), reduce=[('sep_conv_3x3', 1), ('sep_conv_5x5', 0), ('dil_conv_3x3', 2), ('sep_conv_5x5', 1), ('dil_conv_5x5', 3), ('sep_conv_5x5', 2), ('dil_conv_5x5', 2), ('dil_conv_5x5', 4)], reduce_concat=range(2, 6))
2019-10-14 14:58:22,221 
alphas_normal = Variable containing:
 0.1259  0.1226  0.1244  0.1236  0.1239  0.1255  0.1257  0.1285
 0.1245  0.1218  0.1225  0.1216  0.1260  0.1279  0.1273  0.1283
 0.1264  0.1233  0.1252  0.1246  0.1243  0.1242  0.1250  0.1270
 0.1249  0.1230  0.1242  0.1239  0.1260  0.1269  0.1259  0.1251
 0.1246  0.1223  0.1224  0.1225  0.1254  0.1268  0.1257  0.1305
 0.1252  0.1239  0.1256  0.1251  0.1259  0.1231  0.1254  0.1259
 0.1253  0.1224  0.1241  0.1241  0.1245  0.1264  0.1263  0.1270
 0.1253  0.1233  0.1235  0.1242  0.1266  0.1267  0.1243  0.1261
 0.1245  0.1224  0.1230  0.1229  0.1253  0.1275  0.1256  0.1288
 0.1248  0.1231  0.1258  0.1246  0.1248  0.1250  0.1253  0.1265
 0.1248  0.1229  0.1236  0.1232  0.1266  0.1270  0.1258  0.1261
 0.1255  0.1226  0.1229  0.1234  0.1249  0.1270  0.1273  0.1264
 0.1251  0.1233  0.1235  0.1232  0.1247  0.1292  0.1258  0.1251
 0.1256  0.1234  0.1234  0.1229  0.1246  0.1283  0.1253  0.1264
[torch.cuda.FloatTensor of size 14x8 (GPU 3)]

2019-10-14 14:58:22,222 
alphas_reduce = Variable containing:
 0.1253  0.1248  0.1253  0.1243  0.1238  0.1258  0.1254  0.1254
 0.1249  0.1222  0.1230  0.1250  0.1270  0.1258  0.1261  0.1259
 0.1248  0.1248  0.1255  0.1249  0.1253  0.1250  0.1254  0.1243
 0.1255  0.1227  0.1239  0.1257  0.1250  0.1258  0.1255  0.1258
 0.1244  0.1241  0.1232  0.1237  0.1264  0.1255  0.1264  0.1263
 0.1253  0.1244  0.1248  0.1242  0.1256  0.1256  0.1244  0.1257
 0.1254  0.1239  0.1244  0.1245  0.1243  0.1258  0.1252  0.1264
 0.1248  0.1241  0.1242  0.1244  0.1245  0.1265  0.1252  0.1263
 0.1243  0.1247  0.1248  0.1245  0.1248  0.1257  0.1246  0.1266
 0.1252  0.1241  0.1246  0.1249  0.1259  0.1250  0.1249  0.1253
 0.1254  0.1238  0.1246  0.1257  0.1248  0.1255  0.1245  0.1257
 0.1253  0.1230  0.1234  0.1240  0.1253  0.1258  0.1252  0.1280
 0.1252  0.1231  0.1242  0.1240  0.1249  0.1268  0.1254  0.1265
 0.1249  0.1231  0.1235  0.1232  0.1260  0.1260  0.1261  0.1272
[torch.cuda.FloatTensor of size 14x8 (GPU 3)]

2019-10-14 14:58:25,246 train 000 4.433168e-03 0.729173
2019-10-14 15:00:50,789 train 050 5.356128e-03 0.769938
2019-10-14 15:03:19,795 train 100 5.409226e-03 0.767537
2019-10-14 15:05:45,880 train 150 5.660570e-03 0.741039
2019-10-14 15:08:17,107 train 200 5.909014e-03 0.722727
2019-10-14 15:10:43,895 train 250 5.747413e-03 0.718726
2019-10-14 15:13:11,079 train 300 5.805203e-03 0.723404
2019-10-14 15:15:38,239 train 350 5.567234e-03 0.737243
2019-10-14 15:18:06,963 train 400 5.482276e-03 0.732617
2019-10-14 15:20:36,441 train 450 5.397380e-03 0.737939
2019-10-14 15:22:58,650 train_acc (R^2 for regression) 0.742929
2019-10-14 15:22:58,950 train 000 6.860732e-03 0.220837
2019-10-14 15:23:07,257 train 050 6.044448e-03 0.662260
2019-10-14 15:23:15,551 train 100 5.990598e-03 0.691986
2019-10-14 15:23:23,893 train 150 6.115727e-03 0.708301
2019-10-14 15:23:32,234 train 200 6.102892e-03 0.707543
2019-10-14 15:23:40,576 train 250 5.913204e-03 0.703612
2019-10-14 15:23:48,897 train 300 5.932391e-03 0.705805
2019-10-14 15:23:57,256 train 350 5.976541e-03 0.708052
2019-10-14 15:24:05,595 train 400 5.896162e-03 0.703365
2019-10-14 15:24:13,919 train 450 5.866847e-03 0.701383
2019-10-14 15:24:21,553 valid_acc (R^2 for regression) 0.701660
2019-10-14 15:24:21,727 epoch 5 lr 2.441268e-02
2019-10-14 15:24:21,728 genotype = Genotype(normal=[('dil_conv_5x5', 0), ('dil_conv_5x5', 1), ('dil_conv_5x5', 2), ('dil_conv_5x5', 0), ('dil_conv_5x5', 3), ('sep_conv_5x5', 1), ('sep_conv_5x5', 3), ('sep_conv_5x5', 4)], normal_concat=range(2, 6), reduce=[('sep_conv_3x3', 1), ('dil_conv_5x5', 0), ('dil_conv_3x3', 2), ('avg_pool_3x3', 0), ('dil_conv_5x5', 3), ('dil_conv_5x5', 2), ('dil_conv_5x5', 2), ('dil_conv_5x5', 3)], reduce_concat=range(2, 6))
2019-10-14 15:24:21,729 
alphas_normal = Variable containing:
 0.1256  0.1218  0.1239  0.1231  0.1247  0.1253  0.1262  0.1294
 0.1240  0.1212  0.1229  0.1221  0.1268  0.1265  0.1281  0.1283
 0.1265  0.1231  0.1248  0.1240  0.1243  0.1248  0.1248  0.1277
 0.1243  0.1232  0.1245  0.1240  0.1265  0.1271  0.1252  0.1252
 0.1243  0.1221  0.1225  0.1225  0.1259  0.1274  0.1254  0.1300
 0.1251  0.1242  0.1257  0.1247  0.1255  0.1230  0.1253  0.1265
 0.1245  0.1229  0.1247  0.1244  0.1245  0.1269  0.1257  0.1265
 0.1245  0.1234  0.1235  0.1238  0.1267  0.1266  0.1246  0.1268
 0.1241  0.1224  0.1233  0.1230  0.1251  0.1280  0.1257  0.1285
 0.1249  0.1234  0.1252  0.1245  0.1246  0.1253  0.1253  0.1267
 0.1244  0.1227  0.1236  0.1232  0.1269  0.1273  0.1260  0.1259
 0.1254  0.1222  0.1227  0.1231  0.1251  0.1282  0.1275  0.1258
 0.1246  0.1229  0.1232  0.1229  0.1246  0.1302  0.1258  0.1257
 0.1251  0.1232  0.1234  0.1228  0.1243  0.1291  0.1254  0.1267
[torch.cuda.FloatTensor of size 14x8 (GPU 3)]

2019-10-14 15:24:21,731 
alphas_reduce = Variable containing:
 0.1252  0.1244  0.1250  0.1242  0.1245  0.1257  0.1248  0.1264
 0.1253  0.1221  0.1231  0.1247  0.1264  0.1264  0.1261  0.1260
 0.1251  0.1251  0.1256  0.1246  0.1255  0.1246  0.1244  0.1251
 0.1256  0.1235  0.1244  0.1253  0.1249  0.1254  0.1256  0.1252
 0.1242  0.1243  0.1238  0.1239  0.1256  0.1257  0.1264  0.1261
 0.1252  0.1249  0.1252  0.1246  0.1256  0.1256  0.1245  0.1246
 0.1253  0.1237  0.1242  0.1247  0.1249  0.1260  0.1254  0.1257
 0.1245  0.1245  0.1245  0.1242  0.1247  0.1261  0.1249  0.1266
 0.1244  0.1248  0.1250  0.1241  0.1242  0.1259  0.1247  0.1268
 0.1254  0.1237  0.1242  0.1257  0.1249  0.1255  0.1249  0.1257
 0.1252  0.1245  0.1253  0.1255  0.1245  0.1248  0.1247  0.1254
 0.1252  0.1232  0.1240  0.1241  0.1248  0.1257  0.1253  0.1277
 0.1248  0.1233  0.1244  0.1239  0.1250  0.1261  0.1258  0.1267
 0.1250  0.1236  0.1240  0.1234  0.1255  0.1261  0.1258  0.1265
[torch.cuda.FloatTensor of size 14x8 (GPU 3)]

2019-10-14 15:24:24,879 train 000 1.599303e-03 0.882720
2019-10-14 15:26:53,940 train 050 3.370598e-03 0.816214
2019-10-14 15:29:21,572 train 100 3.832504e-03 0.767963
2019-10-14 15:31:51,909 train 150 4.396219e-03 0.745747
2019-10-14 15:34:22,071 train 200 4.345152e-03 0.764028
2019-10-14 15:36:50,220 train 250 4.590895e-03 0.757545
2019-10-14 15:39:17,614 train 300 4.638072e-03 0.751726
2019-10-14 15:41:52,987 train 350 4.703668e-03 0.753081
2019-10-14 15:44:26,436 train 400 4.835731e-03 0.749241
2019-10-14 15:46:58,508 train 450 4.805778e-03 0.752057
2019-10-14 15:49:15,989 train_acc (R^2 for regression) 0.753233
2019-10-14 15:49:16,338 train 000 2.785809e-03 0.685158
2019-10-14 15:49:26,500 train 050 4.085313e-03 0.796140
2019-10-14 15:49:36,611 train 100 3.665539e-03 0.814581
2019-10-14 15:49:46,715 train 150 3.818674e-03 0.818619
2019-10-14 15:49:56,836 train 200 3.770355e-03 0.813407
2019-10-14 15:50:05,829 train 250 3.762947e-03 0.806978
2019-10-14 15:50:14,137 train 300 3.750745e-03 0.809702
2019-10-14 15:50:22,488 train 350 3.799671e-03 0.811940
2019-10-14 15:50:30,812 train 400 3.832889e-03 0.815521
2019-10-14 15:50:39,149 train 450 3.820166e-03 0.816144
2019-10-14 15:50:46,806 valid_acc (R^2 for regression) 0.815911
2019-10-14 15:50:46,936 epoch 6 lr 2.415732e-02
2019-10-14 15:50:46,936 genotype = Genotype(normal=[('dil_conv_5x5', 0), ('dil_conv_5x5', 1), ('dil_conv_5x5', 2), ('sep_conv_5x5', 1), ('dil_conv_5x5', 3), ('dil_conv_5x5', 1), ('sep_conv_5x5', 3), ('sep_conv_5x5', 4)], normal_concat=range(2, 6), reduce=[('sep_conv_5x5', 1), ('dil_conv_3x3', 0), ('dil_conv_5x5', 2), ('dil_conv_5x5', 1), ('dil_conv_5x5', 2), ('dil_conv_5x5', 3), ('dil_conv_5x5', 2), ('dil_conv_5x5', 3)], reduce_concat=range(2, 6))
2019-10-14 15:50:46,938 
alphas_normal = Variable containing:
 0.1264  0.1214  0.1226  0.1224  0.1249  0.1253  0.1271  0.1300
 0.1239  0.1206  0.1215  0.1210  0.1272  0.1280  0.1283  0.1296
 0.1270  0.1232  0.1244  0.1242  0.1242  0.1241  0.1258  0.1272
 0.1244  0.1238  0.1243  0.1238  0.1259  0.1273  0.1254  0.1251
 0.1239  0.1225  0.1227  0.1228  0.1255  0.1280  0.1249  0.1297
 0.1254  0.1238  0.1245  0.1245  0.1263  0.1239  0.1258  0.1257
 0.1250  0.1232  0.1239  0.1240  0.1247  0.1268  0.1255  0.1270
 0.1242  0.1242  0.1236  0.1240  0.1261  0.1266  0.1243  0.1269
 0.1239  0.1230  0.1232  0.1231  0.1248  0.1280  0.1254  0.1286
 0.1252  0.1243  0.1253  0.1248  0.1240  0.1242  0.1254  0.1267
 0.1249  0.1232  0.1237  0.1230  0.1262  0.1273  0.1252  0.1266
 0.1256  0.1228  0.1231  0.1238  0.1247  0.1270  0.1272  0.1257
 0.1246  0.1233  0.1233  0.1231  0.1247  0.1296  0.1258  0.1256
 0.1254  0.1241  0.1239  0.1231  0.1239  0.1285  0.1245  0.1266
[torch.cuda.FloatTensor of size 14x8 (GPU 3)]

2019-10-14 15:50:46,939 
alphas_reduce = Variable containing:
 0.1254  0.1251  0.1256  0.1240  0.1238  0.1255  0.1258  0.1248
 0.1250  0.1229  0.1238  0.1243  0.1263  0.1264  0.1257  0.1255
 0.1248  0.1248  0.1254  0.1250  0.1257  0.1251  0.1244  0.1248
 0.1253  0.1232  0.1239  0.1249  0.1250  0.1259  0.1254  0.1264
 0.1247  0.1242  0.1234  0.1239  0.1256  0.1256  0.1261  0.1266
 0.1255  0.1251  0.1254  0.1250  0.1249  0.1248  0.1240  0.1253
 0.1256  0.1244  0.1245  0.1247  0.1248  0.1254  0.1251  0.1256
 0.1247  0.1244  0.1240  0.1242  0.1244  0.1261  0.1249  0.1274
 0.1240  0.1247  0.1247  0.1244  0.1244  0.1263  0.1249  0.1266
 0.1251  0.1241  0.1243  0.1252  0.1248  0.1259  0.1248  0.1260
 0.1251  0.1240  0.1243  0.1251  0.1250  0.1251  0.1256  0.1258
 0.1253  0.1231  0.1229  0.1240  0.1257  0.1258  0.1253  0.1278
 0.1252  0.1230  0.1233  0.1237  0.1254  0.1259  0.1258  0.1277
 0.1251  0.1230  0.1228  0.1226  0.1267  0.1264  0.1262  0.1272
[torch.cuda.FloatTensor of size 14x8 (GPU 3)]

2019-10-14 15:50:50,031 train 000 4.282475e-03 0.920730
2019-10-14 15:53:22,206 train 050 4.979787e-03 0.756874
2019-10-14 15:55:53,913 train 100 4.570518e-03 0.788834
2019-10-14 15:58:19,537 train 150 4.656163e-03 0.761019
2019-10-14 16:00:46,749 train 200 4.782896e-03 0.738270
2019-10-14 16:03:18,917 train 250 4.736080e-03 0.750267
2019-10-14 16:05:48,636 train 300 4.983824e-03 0.749555
2019-10-14 16:08:19,000 train 350 4.987704e-03 0.753724
2019-10-14 16:10:47,254 train 400 5.052142e-03 0.743939
2019-10-14 16:13:14,898 train 450 5.098771e-03 0.742537
2019-10-14 16:15:30,582 train_acc (R^2 for regression) 0.749254
2019-10-14 16:15:30,885 train 000 2.424138e-03 0.924761
2019-10-14 16:15:39,204 train 050 3.507593e-03 0.857231
2019-10-14 16:15:47,511 train 100 3.433898e-03 0.858791
2019-10-14 16:15:55,844 train 150 3.300143e-03 0.859773
2019-10-14 16:16:04,154 train 200 3.245955e-03 0.860011
2019-10-14 16:16:12,468 train 250 3.234485e-03 0.856104
2019-10-14 16:16:20,736 train 300 3.248812e-03 0.855650
2019-10-14 16:16:29,063 train 350 3.191130e-03 0.855197
2019-10-14 16:16:37,354 train 400 3.229970e-03 0.848581
2019-10-14 16:16:45,637 train 450 3.277852e-03 0.850028
2019-10-14 16:16:53,256 valid_acc (R^2 for regression) 0.852009
2019-10-14 16:16:53,384 epoch 7 lr 2.385792e-02
2019-10-14 16:16:53,385 genotype = Genotype(normal=[('dil_conv_5x5', 1), ('dil_conv_5x5', 0), ('dil_conv_5x5', 2), ('dil_conv_3x3', 0), ('dil_conv_5x5', 3), ('dil_conv_5x5', 2), ('dil_conv_3x3', 2), ('sep_conv_5x5', 3)], normal_concat=range(2, 6), reduce=[('dil_conv_3x3', 1), ('sep_conv_5x5', 0), ('sep_conv_5x5', 2), ('dil_conv_5x5', 1), ('dil_conv_5x5', 2), ('avg_pool_3x3', 0), ('dil_conv_5x5', 2), ('dil_conv_5x5', 4)], reduce_concat=range(2, 6))
2019-10-14 16:16:53,387 
alphas_normal = Variable containing:
 0.1274  0.1224  0.1232  0.1231  0.1253  0.1244  0.1263  0.1279
 0.1246  0.1218  0.1223  0.1223  0.1260  0.1267  0.1269  0.1295
 0.1272  0.1220  0.1239  0.1241  0.1242  0.1249  0.1275  0.1261
 0.1258  0.1229  0.1239  0.1239  0.1248  0.1266  0.1257  0.1264
 0.1251  0.1224  0.1226  0.1234  0.1244  0.1266  0.1260  0.1294
 0.1260  0.1238  0.1244  0.1247  0.1256  0.1246  0.1261  0.1248
 0.1255  0.1241  0.1242  0.1245  0.1251  0.1262  0.1248  0.1256
 0.1252  0.1250  0.1248  0.1248  0.1240  0.1260  0.1239  0.1263
 0.1247  0.1242  0.1244  0.1242  0.1245  0.1258  0.1256  0.1266
 0.1260  0.1242  0.1249  0.1250  0.1243  0.1244  0.1249  0.1262
 0.1256  0.1245  0.1246  0.1244  0.1249  0.1251  0.1253  0.1256
 0.1252  0.1244  0.1245  0.1248  0.1238  0.1256  0.1268  0.1249
 0.1252  0.1243  0.1244  0.1242  0.1244  0.1265  0.1248  0.1262
 0.1256  0.1248  0.1248  0.1242  0.1239  0.1263  0.1244  0.1259
[torch.cuda.FloatTensor of size 14x8 (GPU 3)]

2019-10-14 16:16:53,388 
alphas_reduce = Variable containing:
 0.1254  0.1256  0.1252  0.1230  0.1250  0.1257  0.1254  0.1247
 0.1250  0.1233  0.1239  0.1252  0.1263  0.1251  0.1263  0.1249
 0.1244  0.1252  0.1251  0.1256  0.1254  0.1247  0.1245  0.1250
 0.1252  0.1234  0.1238  0.1259  0.1256  0.1244  0.1258  0.1259
 0.1248  0.1243  0.1234  0.1242  0.1257  0.1261  0.1257  0.1258
 0.1250  0.1257  0.1262  0.1245  0.1249  0.1247  0.1246  0.1243
 0.1253  0.1239  0.1242  0.1256  0.1248  0.1252  0.1251  0.1259
 0.1251  0.1238  0.1240  0.1245  0.1254  0.1256  0.1252  0.1265
 0.1246  0.1241  0.1245  0.1247  0.1258  0.1254  0.1252  0.1258
 0.1249  0.1245  0.1245  0.1253  0.1249  0.1260  0.1251  0.1247
 0.1253  0.1242  0.1243  0.1255  0.1249  0.1253  0.1256  0.1250
 0.1251  0.1231  0.1231  0.1243  0.1255  0.1268  0.1251  0.1271
 0.1252  0.1234  0.1235  0.1244  0.1260  0.1258  0.1258  0.1260
 0.1252  0.1230  0.1233  0.1237  0.1262  0.1259  0.1259  0.1268
[torch.cuda.FloatTensor of size 14x8 (GPU 3)]

2019-10-14 16:16:56,478 train 000 4.552464e-03 0.479358
2019-10-14 16:19:22,430 train 050 4.964622e-03 0.762081
2019-10-14 16:21:51,619 train 100 4.315457e-03 0.786957
2019-10-14 16:24:26,068 train 150 4.519696e-03 0.776307
2019-10-14 16:26:53,509 train 200 4.548364e-03 0.781691
2019-10-14 16:29:21,191 train 250 4.636317e-03 0.773812
2019-10-14 16:31:56,804 train 300 4.585771e-03 0.778635
2019-10-14 16:34:26,772 train 350 4.504367e-03 0.783669
2019-10-14 16:36:54,308 train 400 4.493493e-03 0.780588
2019-10-14 16:39:22,341 train 450 4.508834e-03 0.779560
2019-10-14 16:41:38,192 train_acc (R^2 for regression) 0.773176
2019-10-14 16:41:38,553 train 000 2.733259e-03 0.803762
2019-10-14 16:41:46,876 train 050 3.608516e-03 0.842387
2019-10-14 16:41:55,173 train 100 3.280427e-03 0.848683
2019-10-14 16:42:03,490 train 150 3.263781e-03 0.852889
2019-10-14 16:42:11,767 train 200 3.244934e-03 0.850626
2019-10-14 16:42:20,099 train 250 3.112171e-03 0.854463
2019-10-14 16:42:28,392 train 300 3.058613e-03 0.856931
2019-10-14 16:42:36,730 train 350 3.168738e-03 0.853226
2019-10-14 16:42:45,046 train 400 3.225948e-03 0.851319
2019-10-14 16:42:53,365 train 450 3.198562e-03 0.852195
2019-10-14 16:43:00,989 valid_acc (R^2 for regression) 0.852408
2019-10-14 16:43:01,173 epoch 8 lr 2.351568e-02
2019-10-14 16:43:01,173 genotype = Genotype(normal=[('dil_conv_5x5', 1), ('dil_conv_5x5', 0), ('dil_conv_5x5', 2), ('dil_conv_3x3', 0), ('skip_connect', 2), ('dil_conv_5x5', 1), ('dil_conv_3x3', 2), ('dil_conv_5x5', 4)], normal_concat=range(2, 6), reduce=[('dil_conv_3x3', 1), ('max_pool_3x3', 0), ('max_pool_3x3', 0), ('dil_conv_3x3', 2), ('dil_conv_5x5', 2), ('sep_conv_3x3', 3), ('sep_conv_5x5', 2), ('dil_conv_5x5', 4)], reduce_concat=range(2, 6))
2019-10-14 16:43:01,175 
alphas_normal = Variable containing:
 0.1280  0.1227  0.1236  0.1244  0.1247  0.1239  0.1253  0.1274
 0.1245  0.1225  0.1229  0.1233  0.1239  0.1286  0.1255  0.1288
 0.1275  0.1207  0.1236  0.1246  0.1248  0.1246  0.1286  0.1256
 0.1267  0.1226  0.1249  0.1254  0.1228  0.1256  0.1254  0.1266
 0.1256  0.1213  0.1226  0.1238  0.1247  0.1266  0.1267  0.1287
 0.1268  0.1229  0.1240  0.1253  0.1257  0.1252  0.1255  0.1245
 0.1260  0.1235  0.1240  0.1244  0.1253  0.1257  0.1251  0.1258
 0.1264  0.1244  0.1256  0.1260  0.1232  0.1253  0.1241  0.1250
 0.1258  0.1241  0.1249  0.1249  0.1237  0.1253  0.1258  0.1255
 0.1265  0.1238  0.1244  0.1255  0.1247  0.1253  0.1249  0.1248
 0.1260  0.1250  0.1246  0.1248  0.1243  0.1240  0.1258  0.1255
 0.1252  0.1250  0.1253  0.1254  0.1231  0.1249  0.1265  0.1247
 0.1261  0.1249  0.1251  0.1251  0.1240  0.1239  0.1248  0.1261
 0.1262  0.1251  0.1252  0.1250  0.1242  0.1235  0.1245  0.1262
[torch.cuda.FloatTensor of size 14x8 (GPU 3)]

2019-10-14 16:43:01,177 
alphas_reduce = Variable containing:
 0.1256  0.1258  0.1249  0.1237  0.1256  0.1249  0.1253  0.1243
 0.1246  0.1243  0.1236  0.1258  0.1257  0.1248  0.1264  0.1249
 0.1247  0.1261  0.1259  0.1254  0.1241  0.1246  0.1253  0.1238
 0.1251  0.1243  0.1242  0.1255  0.1255  0.1250  0.1251  0.1252
 0.1248  0.1248  0.1243  0.1251  0.1250  0.1251  0.1255  0.1252
 0.1246  0.1254  0.1260  0.1244  0.1251  0.1240  0.1260  0.1244
 0.1250  0.1242  0.1247  0.1251  0.1240  0.1257  0.1254  0.1260
 0.1255  0.1235  0.1243  0.1251  0.1244  0.1251  0.1258  0.1263
 0.1255  0.1239  0.1245  0.1249  0.1261  0.1248  0.1251  0.1252
 0.1245  0.1252  0.1254  0.1247  0.1255  0.1253  0.1252  0.1242
 0.1248  0.1238  0.1242  0.1258  0.1251  0.1255  0.1257  0.1250
 0.1249  0.1235  0.1240  0.1249  0.1248  0.1269  0.1248  0.1261
 0.1252  0.1240  0.1243  0.1252  0.1251  0.1258  0.1248  0.1254
 0.1248  0.1235  0.1242  0.1246  0.1260  0.1244  0.1259  0.1266
[torch.cuda.FloatTensor of size 14x8 (GPU 3)]

2019-10-14 16:43:04,238 train 000 2.651195e-03 0.853519
2019-10-14 16:45:32,713 train 050 4.250670e-03 0.708308
2019-10-14 16:48:03,177 train 100 4.278318e-03 0.735720
2019-10-14 16:50:31,167 train 150 4.494414e-03 0.734896
2019-10-14 16:53:00,727 train 200 4.445301e-03 0.741464
2019-10-14 16:55:27,883 train 250 4.500817e-03 0.742972
2019-10-14 16:57:57,067 train 300 4.653091e-03 0.744657
2019-10-14 17:00:24,741 train 350 4.559578e-03 0.755371
2019-10-14 17:02:53,055 train 400 4.540213e-03 0.763974
2019-10-14 17:05:29,998 train 450 4.712549e-03 0.758274
2019-10-14 17:07:48,484 train_acc (R^2 for regression) 0.763818
2019-10-14 17:07:48,774 train 000 3.949748e-03 0.691010
2019-10-14 17:07:57,033 train 050 3.841602e-03 0.763389
2019-10-14 17:08:05,294 train 100 4.106412e-03 0.751280
2019-10-14 17:08:13,541 train 150 4.454877e-03 0.762715
2019-10-14 17:08:21,808 train 200 4.397864e-03 0.772398
2019-10-14 17:08:30,096 train 250 4.421337e-03 0.778665
2019-10-14 17:08:38,377 train 300 4.301714e-03 0.773067
2019-10-14 17:08:46,610 train 350 4.280200e-03 0.777345
2019-10-14 17:08:54,865 train 400 4.259795e-03 0.782102
2019-10-14 17:09:03,143 train 450 4.212499e-03 0.783551
2019-10-14 17:09:10,755 valid_acc (R^2 for regression) 0.785279
2019-10-14 17:09:10,883 epoch 9 lr 2.313194e-02
2019-10-14 17:09:10,884 genotype = Genotype(normal=[('sep_conv_5x5', 1), ('dil_conv_5x5', 0), ('dil_conv_5x5', 2), ('dil_conv_5x5', 1), ('dil_conv_5x5', 1), ('skip_connect', 2), ('dil_conv_5x5', 3), ('dil_conv_3x3', 1)], normal_concat=range(2, 6), reduce=[('sep_conv_3x3', 1), ('max_pool_3x3', 0), ('sep_conv_3x3', 1), ('max_pool_3x3', 0), ('dil_conv_5x5', 2), ('dil_conv_5x5', 1), ('dil_conv_5x5', 4), ('sep_conv_5x5', 2)], reduce_concat=range(2, 6))
2019-10-14 17:09:10,886 
alphas_normal = Variable containing:
 0.1277  0.1227  0.1237  0.1246  0.1242  0.1245  0.1250  0.1276
 0.1247  0.1221  0.1229  0.1231  0.1241  0.1291  0.1252  0.1289
 0.1274  0.1216  0.1237  0.1241  0.1247  0.1257  0.1274  0.1253
 0.1264  0.1220  0.1241  0.1245  0.1230  0.1257  0.1261  0.1282
 0.1251  0.1215  0.1225  0.1236  0.1247  0.1270  0.1268  0.1286
 0.1262  0.1232  0.1243  0.1249  0.1257  0.1254  0.1257  0.1248
 0.1258  0.1242  0.1249  0.1249  0.1242  0.1253  0.1246  0.1261
 0.1260  0.1249  0.1258  0.1259  0.1228  0.1254  0.1239  0.1253
 0.1255  0.1246  0.1252  0.1253  0.1241  0.1246  0.1255  0.1253
 0.1256  0.1243  0.1253  0.1254  0.1247  0.1246  0.1249  0.1252
 0.1258  0.1249  0.1246  0.1248  0.1244  0.1232  0.1262  0.1261
 0.1255  0.1255  0.1258  0.1255  0.1238  0.1235  0.1261  0.1243
 0.1255  0.1257  0.1259  0.1257  0.1241  0.1223  0.1246  0.1262
 0.1256  0.1256  0.1256  0.1255  0.1248  0.1231  0.1239  0.1259
[torch.cuda.FloatTensor of size 14x8 (GPU 3)]

2019-10-14 17:09:10,887 
alphas_reduce = Variable containing:
 0.1254  0.1260  0.1254  0.1239  0.1250  0.1256  0.1248  0.1241
 0.1247  0.1243  0.1241  0.1254  0.1260  0.1248  0.1252  0.1255
 0.1249  0.1260  0.1258  0.1246  0.1244  0.1244  0.1259  0.1240
 0.1245  0.1244  0.1246  0.1249  0.1263  0.1253  0.1252  0.1247
 0.1249  0.1251  0.1245  0.1249  0.1245  0.1257  0.1254  0.1251
 0.1255  0.1248  0.1253  0.1248  0.1250  0.1250  0.1247  0.1249
 0.1251  0.1241  0.1249  0.1245  0.1246  0.1253  0.1254  0.1261
 0.1253  0.1230  0.1237  0.1244  0.1255  0.1255  0.1259  0.1267
 0.1251  0.1237  0.1243  0.1245  0.1256  0.1254  0.1253  0.1261
 0.1251  0.1245  0.1247  0.1253  0.1252  0.1257  0.1245  0.1249
 0.1246  0.1248  0.1249  0.1248  0.1250  0.1255  0.1253  0.1251
 0.1250  0.1245  0.1247  0.1250  0.1253  0.1260  0.1244  0.1251
 0.1249  0.1245  0.1249  0.1251  0.1254  0.1254  0.1243  0.1256
 0.1251  0.1242  0.1247  0.1248  0.1245  0.1249  0.1253  0.1266
[torch.cuda.FloatTensor of size 14x8 (GPU 3)]

2019-10-14 17:09:13,986 train 000 2.622696e-03 0.856893
2019-10-14 17:11:39,566 train 050 3.945733e-03 0.787150
2019-10-14 17:14:06,417 train 100 4.116953e-03 0.778393
2019-10-14 17:16:33,755 train 150 4.074129e-03 0.786445
2019-10-14 17:19:02,190 train 200 4.258761e-03 0.779358
2019-10-14 17:21:31,408 train 250 4.351959e-03 0.784969
2019-10-14 17:24:05,923 train 300 4.317157e-03 0.782132
2019-10-14 17:26:34,560 train 350 4.298195e-03 0.778410
2019-10-14 17:29:00,480 train 400 4.309796e-03 0.781055
2019-10-14 17:31:25,089 train 450 4.520741e-03 0.779057
2019-10-14 17:33:40,494 train_acc (R^2 for regression) 0.776658
2019-10-14 17:33:40,839 train 000 3.930699e-03 0.895626
2019-10-14 17:33:49,119 train 050 2.891437e-03 0.846916
2019-10-14 17:33:57,410 train 100 3.039815e-03 0.852531
2019-10-14 17:34:05,691 train 150 3.043628e-03 0.858240
2019-10-14 17:34:13,996 train 200 3.000401e-03 0.855706
2019-10-14 17:34:22,298 train 250 3.000667e-03 0.858870
2019-10-14 17:34:30,579 train 300 2.999798e-03 0.852006
2019-10-14 17:34:38,873 train 350 2.959339e-03 0.855399
2019-10-14 17:34:47,194 train 400 3.026981e-03 0.853816
2019-10-14 17:34:55,489 train 450 3.025659e-03 0.852633
2019-10-14 17:35:03,096 valid_acc (R^2 for regression) 0.854552
2019-10-14 17:35:03,218 epoch 10 lr 2.270820e-02
2019-10-14 17:35:03,219 genotype = Genotype(normal=[('dil_conv_5x5', 1), ('dil_conv_5x5', 0), ('dil_conv_5x5', 2), ('dil_conv_3x3', 0), ('sep_conv_5x5', 1), ('sep_conv_5x5', 2), ('dil_conv_5x5', 3), ('dil_conv_5x5', 1)], normal_concat=range(2, 6), reduce=[('sep_conv_5x5', 0), ('sep_conv_3x3', 1), ('sep_conv_3x3', 1), ('dil_conv_3x3', 0), ('dil_conv_5x5', 2), ('dil_conv_5x5', 1), ('sep_conv_5x5', 2), ('sep_conv_5x5', 0)], reduce_concat=range(2, 6))
2019-10-14 17:35:03,221 
alphas_normal = Variable containing:
 0.1274  0.1232  0.1239  0.1248  0.1252  0.1242  0.1243  0.1268
 0.1251  0.1228  0.1231  0.1235  0.1236  0.1282  0.1249  0.1288
 0.1268  0.1215  0.1238  0.1244  0.1250  0.1253  0.1276  0.1255
 0.1265  0.1224  0.1244  0.1248  0.1229  0.1265  0.1250  0.1276
 0.1253  0.1221  0.1232  0.1243  0.1242  0.1266  0.1259  0.1285
 0.1263  0.1240  0.1243  0.1247  0.1253  0.1257  0.1254  0.1243
 0.1258  0.1245  0.1244  0.1244  0.1253  0.1261  0.1242  0.1254
 0.1257  0.1247  0.1252  0.1254  0.1228  0.1260  0.1245  0.1257
 0.1252  0.1246  0.1249  0.1248  0.1247  0.1252  0.1255  0.1250
 0.1259  0.1245  0.1250  0.1253  0.1246  0.1251  0.1250  0.1247
 0.1258  0.1246  0.1246  0.1249  0.1247  0.1231  0.1261  0.1262
 0.1254  0.1259  0.1258  0.1254  0.1240  0.1241  0.1257  0.1236
 0.1254  0.1256  0.1258  0.1256  0.1243  0.1223  0.1242  0.1267
 0.1255  0.1253  0.1255  0.1255  0.1238  0.1231  0.1252  0.1261
[torch.cuda.FloatTensor of size 14x8 (GPU 3)]

2019-10-14 17:35:03,222 
alphas_reduce = Variable containing:
 0.1255  0.1258  0.1251  0.1245  0.1247  0.1260  0.1243  0.1241
 0.1247  0.1241  0.1242  0.1248  0.1259  0.1258  0.1254  0.1251
 0.1256  0.1252  0.1252  0.1245  0.1248  0.1249  0.1257  0.1240
 0.1250  0.1240  0.1242  0.1251  0.1259  0.1251  0.1254  0.1255
